50
3 2
0 1
3 2
6 1
2 2
0 3
1 1
3 5
-1 33
3 29
14 29
5 2
-8 21
-6 18
-1 10
2 7
4 44
20 5
-100000 8
-83345 5
-61663 5
-52951 2
-49573 5
-45084 10
-23126 7
-19107 6
-12422 7
20771 5
39582 2
42855 7
61875 7
66792 2
72410 4
77424 4
79037 5
80884 5
89369 1
100000 3
5 5
-72680 12
-40525 27
-39966 10
-14488 40
71319 7
20 5
-100000 2
-99478 3
-97856 2
-91259 3
-86155 5
-76515 9
-52458 3
-40700 5
-39522 4
-37995 7
-30424 4
-28990 5
-1555 10
10873 9
22760 5
24651 6
33154 3
55103 4
66009 7
100000 4
7 1
-4 8
-3 16
-1 12
3 26
5 13
6 15
7 8
20 5
-100000 3
-97269 6
-97107 5
-92057 3
-85838 3
-61341 6
-59432 4
-26615 3
-26335 3
-8250 7
26 6
2241 9
31944 4
32133 7
52971 7
72148 5
72790 4
73683 4
77929 3
100000 8
20 5
-99788 1
-98318 4
-91396 4
-85401 1
-69861 1
-66110 5
-35156 5
-32681 3
-22299 3
-11814 5
-4874 5
-155 4
17199 4
27328 3
31630 5
44156 2
44157 4
49968 4
63146 3
84452 2
2 1
52235 86
52240 9
20 5
-93379 3
-90078 5
-88184 4
-83131 2
-65361 3
-64997 1
-59458 4
-59439 5
-34138 2
-14808 5
-10130 3
4599 1
5763 3
9943 4
21504 2
23777 3
59318 2
69020 4
97415 1
99416 2
19 4
-65 1
-55 3
-51 6
-43 6
-38 6
-35 8
-24 5
-22 4
-14 6
-9 3
-4 8
4 8
12 3
13 7
32 10
42 1
61 7
64 4
67 2
20 5
-100000 5
-76606 5
-70694 7
-68015 8
-56414 3
-49535 4
-46807 2
-41593 7
-34986 4
-19444 6
-2404 2
152 3
11445 7
15825 4
23471 1
33002 3
50812 6
92961 7
98651 6
100000 10
20 4
-96563 4
-96448 5
-77124 4
-52996 5
-44419 4
-37514 4
-22290 5
-18587 5
-17226 5
-8085 2
4983 3
6585 1
20989 3
31301 4
32155 3
74481 1
83195 4
89457 4
89465 5
98768 3
16 1
-94188 2
-82305 3
-80668 6
-66669 10
-59062 11
-39627 8
-13063 8
1448 9
3298 4
4604 7
19463 2
24140 9
69741 4
73718 6
80350 7
88119 3
3 5
-45483 25
82236 28
96927 26
14 3
-89843 1
-86688 1
-62347 1
-51663 1
-45175 1
-36524 1
-34710 1
-6701 1
9311 1
22341 1
41384 1
48699 1
53759 1
63958 1
20 1
-87522 3
-84406 1
-80343 2
-74889 3
-73667 4
-66710 2
-45279 5
-14941 5
-4428 5
5507 5
13508 4
13511 5
15909 3
16931 5
32539 4
46532 1
46798 4
55774 4
70288 2
71518 1
20 2
-91159 6
-86484 2
-70120 2
-62864 6
-56258 7
-25583 5
-24176 5
-22797 3
-13081 9
-11502 1
-2775 1
4653 3
29368 6
30530 10
32926 8
50991 7
56670 6
91341 5
93190 3
97137 4
20 3
-90380 4
-86353 1
-84267 3
-76748 5
-76744 5
-67109 5
-46697 5
-39181 5
-22935 4
-19234 3
-7080 3
-6243 4
-2682 1
12469 1
15990 5
26200 2
29154 5
57047 2
76837 1
91089 2
20 5
-100000 7
-91704 7
-38745 5
-38179 5
-37554 3
-19482 6
-1922 11
12396 4
12983 7
27558 4
34207 8
35155 2
57849 4
60596 2
70178 3
80457 3
82828 6
93293 2
98985 9
100000 2
20 5
-97868 3
-61900 1
-56653 5
-56644 5
-49564 4
-48046 2
-30025 2
-23914 1
-4633 1
3009 1
6976 1
8234 3
21081 3
52585 4
61824 2
72007 4
78462 1
81113 1
86271 5
97413 1
8 2
-50209 33
-50203 4
26056 6
26079 20
26084 17
26114 4
26144 10
26160 6
1 5
38886 100
20 5
-95000 5
-81893 4
-81724 4
-76895 1
-40055 4
-35933 4
-15520 1
15464 5
16704 2
30503 3
33234 2
38881 3
40093 4
53609 1
56704 4
59437 3
68691 5
75378 3
75379 5
99801 4
20 1
-61617 5
-61612 2
-61611 2
-61604 5
-61594 10
-61586 4
-61584 10
-61578 7
-61574 2
-61570 8
-61567 3
-61558 5
-61550 8
-61542 7
-61535 3
-61533 4
-61523 7
-61522 5
-61520 1
-61510 1
1 3
-83736 93
12 3
-26476 73
-26453 4
-4997 4
-4994 3
-4973 3
-4947 2
-4917 2
-4899 1
-4880 2
-4857 1
-4827 1
-4804 1
20 5
-100000 10
-79520 5
-57601 3
-46440 3
-43172 1
-24712 6
-14237 3
-4878 3
12360 2
17068 5
39087 6
54968 5
55176 9
57592 7
57939 7
75868 3
76224 5
86582 7
98950 8
100000 2
18 4
-95022 1
-92931 1
-78011 1
-71801 1
-64020 1
-40232 1
-36999 1
-35968 1
-33580 1
-32827 1
-28275 1
-3529 1
25496 1
30393 1
31418 1
33676 1
58122 1
71821 1
20 5
-100000 3
-86125 5
-78407 2
-58205 4
-53879 3
-41770 8
-33086 4
-22613 8
-17867 3
-15367 4
5933 7
10040 6
13864 2
25333 10
70906 5
75195 5
78456 4
90752 5
92754 7
100000 5
20 5
-95630 4
-71486 5
-56512 3
-53713 5
-46298 5
-24211 3
-18407 3
-16287 1
2717 5
12627 4
21696 2
25717 2
46638 4
46652 4
54474 4
59306 4
68787 3
71093 1
77853 4
81919 4
1 5
57511 100
12 2
-21 17
-16 1
-1 14
0 9
1 6
6 3
11 7
12 12
16 6
17 13
18 4
24 8
20 2
-95211 2
-90221 4
-73834 1
-60237 5
-60236 4
-41429 1
-33088 2
-17070 2
-9031 1
5682 4
11613 5
14032 1
28346 1
32899 1
48843 2
56750 3
74294 4
86521 5
88126 4
89681 4
9 2
-59247 5
-59221 10
-59219 3
-59197 5
-59179 10
-59171 1
-59152 3
83638 43
83643 14
20 1
-28408 50
73360 2
73384 4
73389 1
73392 3
73408 4
73423 3
73427 4
73438 3
73439 1
73446 1
73461 3
73463 1
73475 2
73505 4
73511 5
73526 4
73545 2
73560 1
73579 1
2 5
-25496 13
58891 74
20 4
-100000 9
-96797 5
-79784 6
-67692 4
-56756 7
-38480 7
-37334 1
-29849 4
-24537 3
-18860 5
-18211 7
-16287 5
2481 1
28039 9
39094 2
44442 2
78954 3
83664 5
95429 7
100000 8
4 2
-8 25
-6 3
7 40
8 30
15 4
12871 9
12880 4
12886 7
12887 10
12890 10
12899 4
12900 6
12906 6
12915 4
12916 3
12921 13
12928 4
12929 5
12936 6
12937 9
15 3
-71513 1
-37970 1
-33217 1
-32587 1
-5321 1
23499 1
27681 1
37108 1
48258 1
54592 1
64243 1
74728 1
81991 1
91221 1
98570 1
20 2
-86310 1
-72769 1
-21162 1
-13947 1
-7775 1
-7052 1
-4158 1
-3256 1
13448 1
15624 1
19705 1
33246 1
38842 1
39406 1
41829 1
55629 1
64494 1
70935 1
88621 1
94421 1
1 5
-10142 94
20 5
-96622 3
-87439 2
-84310 1
-82687 3
-82609 4
-47519 2
-35211 2
-29440 4
-14259 2
-11169 1
-3492 4
13803 4
27822 4
56529 1
58159 4
62495 3
65420 5
65440 5
67314 1
86332 2
20 5
-100000 8
-99551 4
-93454 5
-93283 6
-71870 4
-56917 5
-53046 4
-49726 4
-2183 2
-1404 9
7325 3
10288 9
23749 5
37862 2
40483 4
41016 3
90757 4
92054 3
92167 9
100000 7
20 3
-100000 7
-89331 7
-85893 1
-81257 4
-55016 8
-48497 3
-42991 7
-41715 6
-24248 2
-13310 4
5908 6
15308 3
15328 5
60701 5
61957 3
63943 2
68200 8
71150 7
85829 4
100000 8
20 5
-100000 3
-83871 2
-70387 5
-67968 6
-44935 3
-40204 9
-24873 8
-23241 3
-18714 7
-18372 7
-7732 6
-6155 3
16375 7
21673 10
30949 3
33393 6
52476 2
54351 6
73840 2
100000 2
20 5
-100000 2
-91276 2
-65292 7
-64295 4
-64168 5
-55332 6
-44100 4
-42556 2
-28705 8
-27103 7
-26092 4
-5863 5
-1907 3
926 2
3755 9
9052 2
19754 4
37528 8
78312 6
100000 10
