50
3 2
0 1
3 2
6 1
2 2
0 2
1 2
20 5
-100000 9
-90555 1
-87033 2
-62563 5
-52653 7
-43827 3
-24732 4
-18900 3
-18033 7
-3667 8
6937 5
33596 2
52309 1
56795 9
61434 6
71321 4
74788 7
75827 5
91526 3
100000 9
20 3
-100000 6
-99984 8
-90969 6
-80138 2
-80112 4
-79223 5
-69029 4
-58107 3
-41298 2
-39149 3
-30703 9
-2255 11
6776 3
12147 7
33635 2
52475 3
74447 5
79016 7
84968 3
100000 7
15 4
6953 1
6968 1
6992 2
7018 1
7037 1
7040 2
7043 1
7070 1
7092 1
46023 29
46039 7
46055 9
46085 9
46090 31
46119 2
20 5
-100000 5
-90291 5
-77491 1
-60529 9
-51930 1
-49390 4
-47844 8
-47403 8
-13976 3
16492 4
31008 7
33344 6
33597 6
65045 2
77473 7
77585 4
80430 7
89070 5
89897 1
100000 7
16 2
-26311 7
-26305 6
-26300 5
-26292 11
-26289 3
-26284 9
-26277 6
-26270 2
-26261 4
-26257 10
-26254 11
-26245 8
-26236 7
-26231 1
-26229 4
-26221 4
1 5
-57904 100
20 4
-97461 1
-97085 5
-87065 2
-83931 4
-37026 2
-5894 3
-4578 2
-3580 2
-3579 4
-1337 2
5960 3
8529 4
16094 1
21025 2
27242 1
40655 2
78362 2
79455 5
90994 2
96751 3
20 2
-99151 1
-93560 3
-89307 5
-84849 1
-66632 2
-44795 5
-37346 3
-36792 1
-22870 3
-6914 5
276 5
16444 4
20822 5
20824 4
22049 1
57465 2
57468 4
70655 1
74615 4
97183 2
1 5
79979 88
6 2
-86253 1
-86229 1
-86203 1
-86186 1
40221 50
40229 46
20 3
-98514 3
-80998 5
-80765 1
-70763 1
-62191 3
-60262 3
-40238 3
-18923 4
-16386 2
-3132 1
6772 4
27119 4
27512 3
36886 1
49426 4
56488 4
56491 5
59276 4
70601 1
77821 5
20 2
-92258 5
-72931 2
-72633 3
-62140 3
-59837 4
-59383 5
-27587 3
-13564 1
-9871 5
4802 4
16296 2
17338 2
21392 2
25527 4
27628 1
70006 2
75251 1
88966 5
88970 4
89642 1
5 2
-76735 39
-52641 18
-9211 15
15977 17
47989 8
20 5
-100000 9
-93793 10
-69751 3
-53749 2
-25588 4
-13709 2
-11212 7
11465 6
20590 1
22964 4
23084 6
29239 1
42620 4
53774 8
57729 8
62115 9
74774 5
77265 5
95490 4
100000 2
1 2
-10032 84
14 3
-97925 12
-76818 10
-72339 7
-44559 10
-10701 7
-8237 10
-3621 5
1539 8
4568 6
39569 4
43418 3
64668 13
66715 1
82626 3
20 2
-98470 3
-90677 1
-89447 2
-86363 4
-73741 5
-63877 3
-61058 3
-56209 4
-44521 4
-27312 4
-19514 3
2926 1
14060 4
17167 1
22668 5
22673 3
23300 2
69319 2
87022 5
92854 3
12 1
-337 18
-308 10
-284 6
-271 15
-258 5
54066 12
54085 9
54095 8
54103 5
54112 7
54136 1
54163 1
20 3
-100000 2
-89726 2
-79442 4
-59044 9
-44109 10
-34143 5
-17642 10
-15180 5
-5384 4
-4219 7
4890 5
37903 5
43672 4
50621 2
58093 2
80028 9
90517 2
95521 5
95575 5
100000 3
13 1
-11 3
-10 6
-8 3
1 14
3 12
4 7
5 3
6 12
7 11
10 5
11 12
12 4
13 8
12 1
-85539 5
-56683 3
2016 9
8141 13
9466 13
17437 5
33929 5
38078 14
55342 16
56956 8
69718 4
82707 2
14 4
26515 7
26517 6
26526 8
26546 4
26575 1
36162 11
36192 8
36201 6
36223 7
36245 6
36251 5
36280 11
36293 18
36312 1
9 4
-94518 1
-89224 1
-38897 1
11617 1
29495 1
47341 1
66494 1
70884 1
94203 1
1 4
78074 76
7 2
-51271 12
-51268 29
-51241 10
-51236 13
40429 16
40446 13
40461 3
20 4
-92616 2
-74375 5
-70686 1
-57720 1
-50863 4
-25306 3
-6338 1
-3060 4
6366 1
25481 2
27926 5
35656 2
38945 5
46376 1
51815 5
51821 4
52142 4
71439 3
80628 1
85208 5
1 3
78316 64
1 5
13298 100
8 1
-41978 7
-41960 7
-41950 7
-41926 12
-41925 10
-41906 6
-41877 3
50285 27
4 3
-5 11
3 24
6 39
12 21
5 2
-8 33
-3 23
0 26
8 7
9 9
1 5
-60424 60
15 4
-54 6
-49 10
-47 14
-38 3
-36 4
-28 3
-25 8
-20 3
-17 2
-10 3
-3 13
22 6
24 9
36 4
43 9
3 4
-46862 27
-24137 32
99660 24
19 1
-19 4
-18 1
-15 3
-13 2
-12 4
-11 8
-10 2
-8 10
-7 4
-6 6
-4 9
-3 9
1 5
3 5
4 3
7 6
9 6
10 6
14 7
20 3
-100000 8
-95443 4
-94931 3
-85503 8
-42900 2
-39454 2
-38456 4
-29490 2
13187 7
17028 3
27305 7
33043 7
37843 2
46560 4
47783 2
71422 4
80475 9
93340 5
93540 9
100000 8
1 5
26125 100
20 5
-100000 2
-97233 2
-96938 8
-95505 2
-74114 9
-68643 7
-64147 2
-63683 2
-20887 4
-10895 2
-10196 7
26026 7
51100 3
73392 3
74631 7
76122 3
77002 3
91102 7
95702 14
100000 6
15 1
-99151 3
-89619 2
-87998 8
-63619 3
-59852 4
-13448 7
14326 14
17762 12
37335 4
58135 14
62916 7
75127 7
93302 5
95266 3
95573 7
20 5
-100000 4
-90842 7
-84762 2
-83117 8
-74149 2
-56726 2
-1899 9
-232 5
621 2
4342 9
10671 10
17537 8
18000 5
29278 5
48362 5
53945 5
70197 2
73154 2
75837 1
100000 7
20 5
-100000 3
-97882 4
-88022 10
-87754 3
-82818 7
-79023 3
-69945 6
-61023 6
-53193 2
-29735 2
-27805 5
-13594 3
38934 8
43479 8
53064 4
69540 8
74112 3
74264 6
85206 3
100000 6
20 4
-88316 1
-73217 5
-66034 4
-33973 3
-28985 4
-21753 3
-17917 5
-6030 4
930 2
9370 5
21920 4
21923 3
27970 5
28781 1
40151 3
40997 1
44824 4
48504 5
74833 4
90928 1
20 5
-100000 6
-96190 5
-95245 7
-92783 6
-89141 4
-69748 4
-65807 1
-32693 2
10310 4
32302 2
38514 5
49262 8
51479 4
54117 3
71438 8
81881 4
83299 10
90197 3
93222 9
100000 5
20 5
-94984 3
-91286 5
-91285 3
-83525 5
-80959 3
-80522 1
-74344 2
-58620 1
-54395 2
-48564 3
-44979 3
-33155 3
-30542 3
9500 5
19212 4
34187 3
41576 4
47397 2
51137 3
91095 5
20 5
-67628 3
-60142 1
-47651 4
-45975 5
-42020 4
-9028 3
-8163 3
-2266 1
9648 4
12467 5
20033 5
23001 3
29571 5
29580 4
40647 3
50486 5
79303 3
84112 5
91686 1
91907 5
20 5
-100000 3
-92259 5
-89136 5
-72023 4
-71162 1
-58769 7
-45074 1
-29905 7
-14144 4
3662 5
7669 6
28556 2
30582 3
45414 6
54778 8
63120 7
73052 5
74710 5
75396 8
100000 8
20 3
-100000 3
-88669 2
-84441 4
-65990 6
-60208 9
-57994 5
-55320 6
-19324 8
-17128 4
-1510 8
-596 2
6716 8
29503 3
30705 6
54355 10
58870 5
81362 2
90836 3
92187 3
100000 3
20 4
-62665 3
-51659 1
-10863 3
-10858 4
-3451 2
7158 2
14281 4
18252 2
19159 4
24265 5
24770 4
37429 4
40789 4
42176 3
48595 3
56704 2
70425 5
85534 2
92350 2
99174 1
