10000
2 57
8 46
3 2
2 56
9 49
1 89
4 99
9 82
9 37
2 23
3 48
10 98
8 93
5 62
2 27
6 84
7 9
5 97
4 28
2 23
7 6
8 95
3 10
8 93
4 86
6 65
5 10
5 63
3 24
8 49
10 4
5 73
10 72
3 84
5 69
1 50
5 56
8 25
6 33
2 20
4 59
7 39
1 55
1 41
7 82
5 22
10 51
3 23
8 89
8 34
2 38
6 17
6 17
9 10
10 99
1 45
9 46
7 21
1 93
3 25
5 47
7 48
9 16
5 23
2 50
4 92
6 27
1 33
7 31
3 96
6 36
7 37
5 11
7 22
2 29
5 87
10 82
4 16
2 3
5 0
3 29
4 48
10 17
6 35
1 6
8 46
9 97
3 68
5 34
4 6
5 13
10 31
9 88
6 43
7 21
8 18
4 58
5 1
2 87
9 80
2 31
9 42
9 75
7 83
1 13
10 3
1 67
5 86
3 61
9 46
3 42
4 35
10 92
2 59
9 8
9 97
4 23
4 89
7 83
4 2
6 57
3 34
10 12
10 0
2 4
9 26
8 87
1 27
5 37
8 59
10 19
7 98
4 76
6 73
10 77
6 13
4 73
4 81
5 4
7 79
10 64
2 25
5 13
2 65
9 62
4 99
8 2
6 96
2 48
8 0
10 44
3 68
9 12
6 94
9 75
9 56
10 30
4 31
9 53
9 54
4 79
9 98
2 92
2 2
4 46
8 39
5 11
1 19
10 22
2 3
10 52
7 2
9 18
1 47
9 85
10 98
5 30
5 100
4 93
5 98
6 57
2 52
7 35
7 15
4 62
7 24
5 10
10 35
6 45
1 40
1 34
1 3
6 58
6 88
8 72
7 65
4 78
4 18
10 99
5 32
9 46
3 31
8 40
1 15
3 49
4 20
9 96
2 79
6 100
6 87
1 26
1 55
4 76
5 49
4 96
5 47
6 77
5 73
2 77
2 87
3 43
1 7
9 90
8 81
6 100
2 56
8 60
8 11
2 91
4 22
10 75
4 11
6 2
4 41
6 75
9 38
2 86
1 89
5 69
5 98
5 81
3 14
7 92
1 90
1 99
5 44
9 52
2 43
1 85
3 24
1 42
1 26
5 34
2 58
1 74
5 60
3 10
2 36
9 41
7 25
9 55
10 71
7 99
10 96
5 23
6 76
2 22
7 53
4 11
9 17
8 90
4 22
2 26
8 60
10 82
10 6
2 24
1 64
4 17
4 15
3 50
6 23
1 37
7 32
4 17
10 1
1 76
1 3
9 31
10 65
4 15
1 61
1 0
10 72
10 64
2 66
9 68
4 78
3 32
4 28
1 55
6 14
9 96
1 8
1 10
3 45
5 58
9 9
10 92
8 88
3 44
1 36
2 53
1 8
9 78
5 32
7 19
7 5
9 54
8 61
9 72
6 76
1 46
3 54
10 67
4 40
9 77
9 78
4 100
10 39
8 79
1 91
8 74
9 4
3 6
7 63
10 30
5 11
2 63
5 29
6 11
4 48
8 20
3 73
7 85
9 78
7 23
8 76
8 0
7 71
9 39
8 46
4 69
10 64
5 20
4 46
9 19
4 60
10 58
10 19
4 7
8 84
9 26
1 62
8 24
3 75
9 80
5 74
2 16
2 50
10 54
3 83
9 32
5 29
9 60
5 46
10 98
1 32
10 5
2 87
5 61
4 78
7 3
6 17
2 40
1 74
1 44
9 51
4 50
6 32
5 14
10 6
3 56
2 84
5 56
10 57
10 41
4 24
3 38
6 93
4 44
9 52
1 2
2 22
3 42
8 22
4 99
10 9
5 20
4 36
1 96
1 51
5 44
3 79
5 3
3 9
6 55
7 59
7 78
9 24
1 91
9 6
7 60
8 48
9 35
2 40
8 73
3 84
5 46
4 4
4 67
10 88
10 23
6 17
8 13
1 35
3 73
5 68
2 97
10 69
7 31
3 52
4 91
3 3
4 14
2 10
5 7
1 54
9 0
5 92
5 84
6 25
7 86
4 28
6 68
2 94
10 43
3 43
10 22
8 83
6 74
8 92
7 91
3 27
6 20
7 99
4 53
4 99
3 40
2 8
7 32
8 42
5 75
8 48
9 2
4 59
8 40
3 35
2 63
5 2
7 60
5 48
7 24
8 26
2 24
10 35
2 94
4 82
4 60
10 33
3 86
4 8
7 95
7 97
6 8
2 55
3 49
2 57
1 93
3 43
7 27
10 27
9 44
5 74
1 81
5 76
2 76
10 57
4 28
9 93
10 24
4 84
9 45
4 94
10 65
9 49
3 99
5 58
5 15
7 25
5 30
8 60
9 44
2 5
6 70
3 68
6 87
6 44
3 60
4 18
6 50
2 32
3 54
9 52
10 31
7 15
6 28
2 79
10 43
6 61
5 49
10 31
9 2
1 80
4 29
2 77
7 83
7 19
7 59
1 1
4 68
2 94
1 67
3 75
4 45
8 41
4 95
1 84
3 95
8 68
8 23
8 8
10 79
7 97
9 17
7 19
8 64
7 83
2 31
3 90
5 45
8 15
10 11
3 6
1 34
5 3
5 12
7 81
3 25
1 11
5 24
9 63
3 99
4 7
9 9
6 3
6 48
9 12
1 71
2 81
4 2
4 71
4 85
10 18
1 23
5 33
10 64
6 74
3 70
2 31
10 74
7 98
5 56
6 70
7 30
9 61
6 10
9 9
8 86
6 61
1 87
10 15
1 59
2 46
10 50
2 30
6 21
8 97
5 74
2 63
3 39
1 82
7 63
8 3
10 3
4 14
1 40
5 22
8 69
7 56
2 81
4 84
2 22
8 72
8 0
6 68
1 39
1 43
10 81
8 86
2 96
6 60
3 82
5 44
2 37
1 84
4 4
4 38
8 96
3 10
5 97
2 69
2 88
2 24
8 11
1 83
4 21
1 31
4 9
10 27
7 68
2 57
3 86
4 97
7 80
1 75
7 23
1 48
2 30
7 7
3 57
4 3
3 32
4 6
3 26
5 28
3 59
4 53
6 31
8 100
1 16
6 98
5 5
7 46
1 21
1 75
3 26
3 58
3 48
1 73
10 55
9 68
6 70
8 5
7 7
8 81
5 73
6 89
1 64
7 5
10 43
7 40
7 86
8 16
8 58
9 43
6 3
1 44
6 99
4 65
8 16
5 29
7 82
3 41
6 17
3 3
5 28
7 64
1 22
1 94
5 63
10 86
9 83
9 60
6 6
2 79
2 60
10 12
4 47
6 83
8 46
10 56
8 74
1 66
8 25
5 31
7 89
7 24
4 12
10 7
9 27
10 20
10 71
10 93
7 48
10 32
6 75
8 62
10 5
1 6
1 12
10 63
4 54
3 98
4 53
1 45
8 25
4 12
8 82
1 77
9 43
2 40
8 16
2 0
2 68
6 96
10 70
1 31
6 14
2 79
5 57
10 68
6 80
3 51
7 36
3 7
2 42
8 41
4 61
3 64
9 95
10 15
7 50
4 74
1 42
9 48
2 16
9 36
1 98
9 61
10 89
6 13
8 87
9 98
1 98
8 67
3 28
4 63
2 52
4 95
7 99
8 68
10 15
8 12
8 75
7 50
2 55
2 42
6 66
7 33
9 56
6 4
4 68
7 88
3 16
9 87
3 56
10 45
9 8
5 49
10 44
10 16
10 56
4 73
10 44
3 81
3 25
10 8
9 66
10 47
9 95
10 36
7 23
1 0
9 54
5 27
1 8
2 29
4 44
9 84
3 82
9 53
2 51
5 0
1 75
3 5
3 60
5 62
10 95
6 5
10 91
8 82
6 98
4 60
3 17
6 34
1 98
7 80
1 36
1 53
6 39
5 57
3 25
4 26
1 32
5 25
8 76
8 57
7 26
9 15
7 97
4 42
3 86
10 46
1 37
4 78
2 3
5 42
1 41
7 25
10 100
2 42
1 52
4 88
9 9
7 65
6 37
8 30
2 100
9 23
2 62
9 92
1 65
10 83
4 77
3 52
2 57
10 40
5 10
1 93
1 73
8 8
6 60
7 20
5 13
3 0
2 5
10 18
2 2
3 54
5 72
2 34
2 3
1 63
9 14
2 81
2 93
6 98
5 66
2 13
1 49
5 52
3 80
5 0
6 82
8 22
10 95
3 41
10 50
5 29
4 37
3 5
2 49
7 94
10 53
1 78
2 10
1 100
6 62
4 100
7 64
10 19
3 5
9 70
7 26
2 18
7 93
8 72
3 77
4 67
8 21
6 3
7 83
8 26
3 35
6 49
3 84
8 89
1 67
3 29
2 67
1 1
8 97
5 49
8 80
8 19
9 99
8 18
2 74
4 45
1 0
10 1
1 40
10 22
4 24
6 57
5 76
8 89
1 18
4 13
2 47
10 32
2 33
3 55
6 88
8 26
3 87
7 39
4 90
8 0
10 92
10 78
7 30
4 61
1 38
3 16
9 4
8 6
10 95
9 21
1 63
7 29
10 55
6 31
4 62
1 3
4 29
10 50
8 61
9 99
9 91
8 87
3 62
5 26
6 56
1 5
8 29
3 74
4 0
6 77
1 29
6 13
2 92
1 69
3 60
9 84
3 74
4 42
9 19
7 4
1 3
2 64
9 90
10 90
6 39
4 12
4 52
7 55
5 63
7 79
4 21
6 11
10 68
1 25
1 87
3 7
9 47
7 89
3 80
7 74
10 19
7 18
1 21
10 65
9 47
6 72
9 32
7 29
10 50
10 39
2 41
7 30
5 24
7 98
10 58
6 19
9 0
4 69
1 40
1 40
10 79
1 4
10 53
1 91
4 6
10 1
3 47
10 73
9 88
3 68
6 87
8 75
8 83
7 16
8 98
6 97
10 40
1 52
2 56
9 38
2 39
3 70
1 72
8 40
2 96
1 39
3 76
3 25
8 7
4 29
8 56
9 51
6 6
5 24
10 52
8 75
2 95
5 41
8 28
8 94
4 55
7 50
2 24
1 80
4 41
9 39
10 73
6 34
3 94
2 36
10 88
4 100
9 17
6 6
10 32
2 80
8 48
7 76
3 69
4 92
1 71
1 53
2 50
9 85
5 31
9 55
7 10
5 82
1 90
3 91
3 97
8 53
3 1
2 41
10 32
1 56
8 42
7 15
7 81
2 93
7 59
10 31
10 29
6 0
2 19
10 40
1 69
8 23
2 43
4 25
6 65
5 97
6 67
6 49
3 41
2 47
2 12
5 100
7 69
8 25
6 97
7 33
2 67
9 33
10 51
6 29
10 78
2 48
8 10
9 6
2 53
2 25
3 36
5 68
8 2
5 74
2 44
1 66
5 8
9 77
4 98
9 79
5 49
5 93
1 69
10 0
1 54
3 19
10 15
8 83
1 4
7 96
3 15
1 54
3 48
4 54
10 42
9 47
4 43
2 5
9 67
3 17
1 6
1 25
4 64
3 88
10 65
5 33
8 19
3 18
1 32
2 15
6 44
7 81
1 70
1 20
7 78
8 38
5 81
4 100
1 70
6 80
7 69
1 83
7 41
7 16
1 42
10 18
7 48
10 9
2 13
3 21
4 17
4 33
9 46
8 93
5 85
8 1
8 5
1 96
6 51
2 41
7 94
10 30
2 86
1 96
5 72
8 16
7 28
1 57
4 100
9 87
7 26
2 42
10 22
10 98
5 47
8 18
1 70
1 11
5 17
5 26
2 44
5 96
3 31
1 79
6 100
9 25
3 17
1 93
6 50
4 38
1 49
8 15
8 59
9 88
3 58
1 18
9 40
6 63
6 9
6 29
9 4
5 46
7 94
8 30
2 13
9 20
9 81
4 41
2 2
4 17
2 2
2 11
10 56
5 7
9 29
2 89
9 0
1 18
1 88
4 18
3 47
3 69
4 48
1 5
10 90
4 4
3 25
7 87
4 100
4 42
2 6
7 98
9 95
5 94
6 83
3 8
5 43
2 31
2 16
6 5
3 31
5 22
3 90
2 3
1 63
2 44
5 50
9 44
10 4
4 15
3 14
6 83
7 93
5 19
6 10
8 79
4 99
7 60
5 32
3 50
5 48
6 11
10 43
8 41
5 76
5 86
6 49
9 100
5 56
9 42
10 31
5 97
3 93
7 7
10 18
6 76
8 32
2 75
8 95
1 65
10 23
5 83
2 71
6 71
7 9
9 35
2 43
5 33
5 2
1 4
4 45
9 49
5 95
3 9
10 29
5 46
5 4
9 61
3 67
7 88
9 86
10 69
7 41
8 25
7 29
10 71
9 78
6 82
6 19
9 5
8 42
8 25
8 34
3 84
8 40
1 32
1 65
6 35
9 23
1 61
6 98
4 38
1 89
1 7
2 38
9 50
3 18
4 73
1 67
7 88
5 44
1 15
2 19
7 90
10 30
1 9
4 84
7 2
8 7
7 25
10 2
2 85
1 10
8 82
4 6
1 0
2 34
4 98
1 12
5 64
10 3
5 39
4 71
2 40
6 23
6 87
4 43
2 57
8 28
1 6
9 17
5 32
6 16
9 0
9 83
2 54
4 62
8 62
10 59
2 85
1 74
4 79
1 13
8 54
1 7
10 65
5 67
9 76
1 19
3 24
3 37
5 86
5 59
4 64
4 46
3 25
1 73
9 86
2 14
7 1
2 56
5 64
2 31
6 49
1 80
3 6
5 6
3 24
9 100
6 81
6 23
7 26
3 80
4 80
2 77
2 7
5 81
2 31
8 96
4 54
2 57
1 39
10 49
5 21
5 43
7 94
1 39
6 92
2 19
1 15
3 65
9 91
6 68
4 90
3 18
10 91
3 19
10 34
10 84
6 68
3 35
8 86
7 27
8 51
1 30
10 62
8 57
3 23
2 44
6 90
9 87
3 75
2 80
6 79
1 77
2 67
5 59
1 19
6 50
4 76
3 99
10 74
9 43
8 18
3 23
8 51
10 75
9 64
2 1
9 27
8 42
6 36
3 61
9 55
2 63
8 15
9 48
7 74
10 58
10 93
10 19
1 12
1 83
3 79
4 85
5 97
3 37
8 90
10 85
9 95
7 43
3 74
3 45
2 4
9 3
7 25
9 59
7 41
2 66
4 40
5 69
8 20
10 79
1 70
10 1
4 25
8 89
10 9
10 34
4 78
9 13
5 58
10 33
1 26
3 12
4 44
4 78
4 71
4 99
2 15
10 16
10 39
10 68
1 91
9 50
9 9
8 14
4 88
7 63
1 60
6 56
2 75
9 38
9 44
1 50
1 26
3 2
1 18
8 32
4 55
3 57
2 42
10 0
9 62
9 20
3 73
5 40
4 60
7 63
10 45
8 48
1 71
10 40
2 15
5 10
10 70
1 48
3 55
8 12
2 0
2 47
5 37
7 34
3 100
6 59
5 100
4 42
8 83
4 58
10 27
5 58
6 28
4 10
3 38
5 65
6 62
3 8
2 29
7 1
9 69
1 60
4 29
7 15
6 72
10 48
7 46
3 43
8 55
2 65
9 79
4 31
8 8
3 20
9 40
3 95
5 56
2 87
2 9
10 0
10 43
6 39
4 15
9 73
2 98
7 88
4 54
1 67
9 67
6 91
7 70
3 36
7 22
9 28
2 78
5 97
8 57
7 76
2 56
4 96
9 12
1 6
4 100
5 27
5 35
9 35
10 73
4 70
1 15
2 0
6 34
4 83
5 35
4 69
8 46
2 6
8 21
4 16
6 31
7 49
5 57
6 42
6 34
10 70
4 10
1 76
1 3
8 9
2 96
4 33
2 51
1 7
2 8
5 98
5 81
4 91
2 44
10 68
6 37
3 69
5 73
3 50
2 26
7 74
8 27
3 44
2 3
7 25
6 46
3 33
9 86
7 58
8 96
10 23
3 61
2 4
6 30
2 0
2 74
10 63
9 70
6 25
9 45
2 27
6 35
7 16
10 7
2 1
8 13
1 39
2 88
6 17
7 52
10 9
3 44
5 55
7 31
3 6
3 75
4 17
7 42
8 45
1 65
8 91
6 49
2 95
4 1
2 52
5 11
2 61
1 87
9 13
5 99
10 45
4 33
4 34
2 29
2 94
7 91
5 12
7 45
2 40
7 31
8 88
1 52
3 82
6 99
2 84
6 93
4 8
10 96
2 91
3 29
3 14
7 55
5 41
4 70
9 5
5 18
3 34
5 49
5 38
10 1
5 91
2 51
10 57
8 64
3 17
7 65
2 93
4 73
1 57
3 19
10 20
10 1
9 14
9 44
9 43
5 86
8 89
10 56
3 83
10 68
2 98
5 84
8 93
8 27
5 22
5 17
8 57
3 42
4 51
7 87
9 72
1 24
7 57
5 62
5 79
4 77
7 11
5 41
9 47
4 44
7 98
9 20
10 99
3 11
4 61
9 11
6 98
6 67
3 94
6 4
9 51
8 18
2 11
2 92
2 55
6 72
3 74
3 91
1 73
3 75
10 15
4 37
4 27
10 100
6 8
10 26
6 96
5 75
5 44
10 41
4 25
6 75
10 99
9 65
6 8
8 16
3 47
9 4
4 83
7 79
1 92
9 38
6 84
10 88
6 91
8 45
3 54
2 67
2 62
2 58
8 34
9 39
10 27
4 42
10 0
2 83
5 55
7 96
6 75
9 3
9 61
7 30
7 71
10 67
5 60
10 28
2 17
7 69
9 51
8 49
4 66
1 14
3 3
7 37
4 13
4 100
9 48
4 81
8 40
1 63
2 22
8 42
8 41
1 50
7 3
7 3
2 0
5 22
3 77
2 62
2 81
2 14
4 63
6 79
3 90
4 73
3 66
10 51
4 17
7 67
2 18
4 77
10 63
1 97
3 13
5 97
2 58
5 6
5 37
9 99
5 10
3 5
5 77
8 73
7 76
4 52
10 8
1 13
3 46
1 0
8 88
5 87
1 37
4 36
2 2
7 66
10 19
7 25
9 75
6 59
3 3
9 91
2 60
8 63
5 69
7 75
7 60
8 38
10 68
1 5
2 56
4 3
5 5
9 41
5 38
7 99
7 54
5 44
1 86
2 87
10 50
7 29
4 19
4 44
8 28
2 19
9 42
4 50
7 5
10 79
5 10
9 73
1 21
5 95
9 88
8 81
4 12
6 18
6 36
5 81
1 88
2 90
5 71
5 86
8 46
8 61
7 60
1 71
10 44
1 27
10 83
7 48
10 35
3 3
2 9
10 2
2 42
3 56
8 0
2 62
6 92
8 5
4 76
5 81
5 67
1 5
1 50
5 17
8 52
4 56
7 8
8 74
7 47
6 45
2 39
4 100
1 94
8 79
7 82
6 49
9 30
1 57
1 94
3 92
9 0
3 21
6 43
2 29
8 86
2 93
10 79
3 14
2 91
3 17
3 100
10 67
7 79
5 70
10 87
7 51
4 36
7 14
10 5
3 23
1 37
2 4
4 50
9 21
8 92
7 59
3 84
7 33
6 58
2 91
5 2
8 10
10 39
6 69
10 52
5 39
5 39
3 27
2 24
1 78
7 47
1 5
1 54
6 78
5 18
1 83
5 38
10 94
1 48
8 38
7 57
6 76
4 55
3 65
3 67
5 81
9 52
4 84
9 30
5 1
4 10
3 54
1 89
4 42
2 5
3 68
2 49
4 31
9 36
7 60
1 95
1 79
7 17
5 12
1 55
6 46
6 62
9 50
8 10
8 59
3 5
5 71
7 84
5 50
9 8
3 57
9 47
4 87
10 7
2 10
6 93
8 33
9 40
1 43
5 81
7 27
1 34
10 89
9 70
9 79
1 42
9 57
9 17
7 26
9 93
2 81
10 85
8 21
2 8
6 20
4 39
9 75
3 86
10 35
6 83
6 65
9 5
10 5
4 55
8 80
8 15
6 44
2 31
10 16
4 27
1 20
2 14
3 44
7 81
5 13
9 78
5 100
5 19
4 84
6 79
10 44
10 87
6 20
8 91
5 74
4 7
6 1
9 39
7 7
2 36
5 26
4 91
5 88
3 7
6 89
7 41
8 65
7 47
3 26
8 43
4 75
10 81
7 94
10 16
4 31
1 0
4 59
10 90
7 21
4 32
4 57
9 71
4 71
6 86
8 59
10 91
7 30
7 25
3 67
10 93
3 92
8 53
8 29
4 35
8 49
7 59
1 28
3 28
1 73
4 2
1 98
10 28
2 23
1 40
10 55
5 43
5 23
4 26
3 78
10 66
2 66
4 96
10 22
6 56
3 32
1 98
9 100
3 50
9 2
1 75
7 14
1 74
7 8
6 10
2 47
10 57
9 59
8 91
2 26
3 88
5 52
1 34
4 42
8 60
8 27
8 50
4 97
5 61
3 39
1 66
2 26
3 25
4 24
9 5
9 25
9 22
7 33
9 2
6 54
8 92
1 48
7 9
7 42
3 34
5 82
4 51
3 99
4 24
3 49
8 84
2 17
3 9
2 6
6 60
2 84
2 27
5 66
4 46
7 50
2 17
2 69
7 42
10 87
1 46
10 77
6 36
5 47
7 36
7 47
9 64
4 70
7 34
2 20
4 98
9 32
9 45
6 36
8 57
10 37
9 65
6 23
4 67
7 44
2 37
3 16
1 16
2 89
7 24
3 7
9 69
10 0
7 86
4 6
6 79
7 72
5 6
2 16
9 72
6 84
3 72
1 69
8 8
3 71
1 94
4 1
3 29
8 90
2 8
5 25
9 44
2 75
2 60
3 89
5 51
5 25
10 60
10 32
10 16
1 32
2 32
10 17
7 66
1 52
6 34
4 72
4 87
7 33
8 34
5 100
2 63
8 25
2 3
10 89
3 34
7 12
7 60
8 72
1 28
3 26
6 66
4 83
1 4
5 74
2 39
3 81
7 22
1 31
3 2
7 95
6 0
10 22
8 79
4 31
6 11
9 55
6 4
3 33
6 56
7 98
8 74
4 24
5 34
6 30
6 24
8 78
7 34
9 30
5 77
10 51
9 49
7 37
9 71
3 12
4 62
8 85
6 26
4 7
3 40
7 6
4 22
7 26
2 53
10 63
6 99
3 50
7 32
8 12
4 90
5 4
8 14
2 76
1 43
1 58
3 66
2 81
7 90
3 70
10 82
8 76
3 42
4 59
3 4
9 59
6 92
1 61
6 78
10 20
6 19
6 41
7 79
4 94
6 23
3 42
9 91
8 52
5 12
6 37
8 11
1 7
3 27
2 9
4 96
6 39
7 82
7 29
10 4
4 20
4 6
1 79
9 88
7 95
6 58
5 45
7 43
10 43
9 63
8 72
4 49
4 21
10 70
1 12
8 48
9 24
2 100
7 33
2 12
6 83
6 99
7 70
3 84
3 9
5 0
1 75
3 42
5 90
7 92
2 51
1 65
10 97
6 19
4 76
8 52
3 52
9 79
5 46
2 87
4 13
5 36
2 22
2 89
2 77
8 50
5 68
5 11
8 39
10 12
5 48
4 61
7 99
7 10
6 90
4 54
7 43
10 82
6 30
2 8
4 49
4 95
1 4
6 97
6 61
10 43
4 85
3 41
10 88
6 95
2 50
3 20
10 4
7 15
2 87
10 88
2 28
6 76
6 38
10 44
9 44
1 44
4 41
3 88
4 10
9 84
3 70
4 23
3 66
3 28
1 39
4 92
5 1
2 3
1 95
6 60
6 39
3 35
7 97
8 88
4 56
1 96
7 61
2 44
7 21
5 49
2 45
6 71
4 8
8 36
6 25
2 24
4 76
8 9
5 67
1 19
9 43
9 48
3 96
6 23
2 46
10 74
1 84
2 80
6 25
4 93
10 61
7 100
1 78
9 3
2 93
4 30
9 36
5 85
1 48
1 99
6 23
8 75
5 94
6 80
7 19
7 80
4 44
8 43
7 53
3 76
7 63
6 85
4 14
10 59
4 13
3 33
2 75
6 9
5 22
6 13
7 64
8 73
9 53
1 72
5 37
4 18
7 4
10 96
3 20
2 45
7 27
9 0
2 34
7 40
9 98
10 56
5 26
9 36
6 0
10 36
4 28
9 66
7 43
1 69
9 7
10 57
9 58
6 72
4 91
7 56
10 33
1 54
9 13
3 87
7 27
4 7
7 27
8 61
1 22
1 76
8 21
9 3
2 67
5 84
9 76
7 68
9 47
7 2
10 7
5 77
2 31
7 32
6 97
2 13
8 3
9 3
8 65
5 10
8 87
6 29
6 21
1 4
5 63
7 96
10 3
8 62
4 43
2 33
3 78
7 11
2 26
9 79
10 27
8 73
7 79
7 57
9 56
3 24
8 98
7 9
8 71
6 20
8 82
10 56
9 47
9 53
4 16
9 31
3 98
3 47
10 12
7 30
1 81
1 19
7 5
1 34
9 68
7 82
4 65
4 30
10 89
3 15
8 92
4 83
2 97
2 21
2 16
1 67
3 96
3 86
2 17
6 58
2 58
3 33
3 13
4 56
2 51
9 56
4 50
10 58
10 90
4 21
3 58
3 32
5 69
3 59
3 75
7 67
7 4
10 11
8 1
9 29
2 30
9 76
6 64
1 86
4 61
4 44
7 11
7 62
8 6
2 73
6 24
6 33
9 42
9 98
1 9
7 41
9 48
9 87
6 81
2 51
7 93
5 40
9 16
6 93
10 47
3 86
6 97
7 71
3 54
6 82
4 63
7 0
2 9
8 91
3 57
4 18
8 6
7 72
10 33
8 93
1 26
9 31
9 12
5 38
10 46
8 55
3 60
10 59
5 8
3 21
10 70
7 41
2 67
1 53
4 11
10 97
5 34
5 7
7 83
4 74
8 92
10 71
8 41
10 63
6 37
10 37
8 25
4 11
2 1
10 14
3 26
6 73
2 46
9 30
1 39
7 75
5 96
3 54
10 73
2 44
10 35
3 63
10 16
3 76
10 52
2 49
6 17
3 68
4 0
8 79
6 35
10 32
5 79
8 9
9 69
9 54
6 63
5 68
3 11
10 61
3 20
4 79
8 96
9 34
4 79
4 90
6 52
6 19
4 47
2 66
2 20
10 60
9 67
5 62
1 6
4 55
1 34
5 38
5 83
6 58
3 18
8 23
9 74
7 63
7 43
8 96
5 15
2 34
5 29
6 90
8 82
8 50
3 91
3 54
10 55
2 20
8 14
10 68
1 38
1 36
5 100
6 97
6 94
6 85
3 81
8 94
2 57
1 8
3 64
7 32
10 57
4 12
7 71
9 83
8 37
2 39
1 32
5 75
1 90
1 34
7 64
8 14
10 77
7 49
8 43
4 29
7 54
10 41
5 67
8 37
10 8
7 57
10 19
10 11
5 95
8 5
8 67
10 89
5 79
10 93
3 41
7 46
3 3
4 47
7 57
9 23
3 69
1 67
2 19
3 52
6 96
9 59
10 28
10 33
4 3
2 98
10 70
8 13
5 72
2 34
4 5
5 50
5 72
8 22
7 34
7 4
5 20
4 22
10 77
4 14
2 72
1 74
4 95
9 35
8 74
8 75
10 11
6 53
2 18
10 4
10 92
9 30
5 100
8 17
1 44
2 96
8 65
2 47
10 35
5 77
1 2
6 40
10 5
7 44
9 35
5 6
2 24
1 73
8 6
8 73
6 49
10 97
4 26
6 32
8 55
3 37
8 10
10 6
7 32
8 31
9 79
9 98
8 99
3 1
7 81
10 41
2 22
6 51
5 44
4 85
1 43
5 49
9 81
6 63
4 1
10 12
8 31
3 41
6 59
3 64
4 49
7 30
2 53
8 88
1 85
4 39
6 56
5 22
7 71
1 5
6 51
7 29
5 78
5 88
6 13
1 49
5 48
7 47
5 90
2 69
1 81
2 23
4 52
6 70
10 46
9 2
8 68
2 26
10 49
3 97
6 14
6 7
6 13
4 21
5 56
2 46
6 84
6 31
5 20
10 32
8 47
1 20
5 72
6 71
6 100
5 85
10 39
7 46
6 84
4 64
8 40
8 56
2 11
3 6
6 2
8 2
8 77
1 8
4 31
5 34
7 55
6 31
2 49
2 42
5 72
10 22
9 80
4 50
2 56
2 59
6 34
8 34
10 1
4 72
5 47
4 52
2 94
2 78
2 27
9 79
5 53
2 24
2 18
9 49
5 54
3 19
5 75
6 78
6 9
8 16
5 53
9 49
9 75
10 94
4 66
2 50
1 58
6 34
10 50
6 68
10 68
9 65
3 47
4 71
10 38
8 51
1 47
9 5
6 60
2 25
5 1
9 17
7 42
4 51
1 68
5 73
1 76
2 19
2 67
6 94
7 11
2 76
8 49
5 98
10 25
7 70
7 29
9 33
7 80
1 32
5 74
3 20
3 49
9 3
9 0
2 5
10 92
4 52
9 33
3 28
2 66
7 67
5 60
9 30
10 99
6 70
2 82
6 6
5 14
7 99
7 48
2 15
8 72
10 69
8 66
9 33
3 66
10 93
7 7
4 66
8 56
8 78
2 17
8 91
4 13
10 34
3 70
2 65
9 85
3 66
4 49
10 80
9 52
4 67
1 98
6 48
6 59
4 2
5 17
7 50
10 73
4 93
4 38
3 90
3 91
4 32
4 29
7 47
5 50
4 9
9 23
7 19
9 19
8 25
7 80
3 36
8 40
6 76
5 46
7 38
1 48
7 73
10 83
9 18
10 92
8 10
9 88
3 100
3 77
1 94
4 40
4 26
4 86
7 78
2 43
6 55
6 39
7 36
9 8
7 80
4 38
7 67
4 2
2 78
7 73
10 44
9 30
8 96
10 75
2 92
1 92
7 2
2 50
6 31
2 10
2 7
7 9
10 31
2 35
9 68
6 40
3 65
2 2
5 16
2 11
4 53
5 92
10 4
9 6
9 6
10 49
8 44
1 84
7 79
5 83
5 80
3 88
10 19
8 14
3 33
6 39
4 34
9 21
6 61
5 42
2 56
3 77
4 10
9 97
3 54
4 27
5 9
2 35
6 100
5 36
7 3
10 71
10 69
9 26
9 20
7 52
4 4
7 95
4 58
2 95
1 68
5 13
10 63
8 63
3 16
5 1
10 38
9 50
8 2
3 51
1 23
4 17
7 6
5 56
4 33
9 1
4 36
5 22
5 22
2 40
9 53
8 9
7 17
2 30
8 25
5 53
3 95
3 16
4 96
8 28
1 71
4 77
7 44
6 87
8 94
3 74
9 58
5 52
6 62
6 37
8 79
5 70
5 21
9 50
1 26
7 12
6 81
2 1
9 34
3 32
3 94
1 45
4 17
4 57
9 30
3 81
3 58
9 57
10 58
8 59
7 33
7 79
2 89
3 82
10 6
4 3
5 74
5 57
6 59
2 14
10 29
9 34
7 95
3 75
8 32
8 80
6 88
6 84
1 100
5 21
2 22
5 70
9 3
3 47
9 16
1 21
10 40
7 35
5 35
4 35
7 54
4 67
6 43
5 20
2 23
5 17
1 38
6 92
6 23
9 58
4 80
8 51
10 96
6 0
4 12
9 21
1 87
2 17
4 85
6 37
9 0
1 1
2 85
6 47
9 76
1 44
4 57
4 28
4 68
3 78
9 94
7 30
8 21
1 89
3 55
6 22
10 77
9 98
5 46
2 70
8 97
6 73
4 74
7 95
1 71
5 30
7 5
4 97
1 49
2 65
9 48
7 73
6 67
8 45
8 79
6 88
8 61
10 20
3 21
1 19
8 36
5 37
4 48
10 45
9 79
7 31
7 35
2 81
6 14
7 97
9 70
10 68
2 16
3 59
7 86
6 90
3 29
4 80
6 82
6 38
8 46
10 91
5 85
8 7
8 87
7 20
2 26
2 49
5 23
4 88
7 52
4 92
1 71
3 58
10 36
1 14
9 96
5 47
7 87
7 10
9 39
6 92
4 53
8 23
10 96
10 82
9 45
4 58
9 65
9 66
8 84
1 86
2 18
10 75
4 39
5 65
10 34
4 30
1 97
5 28
4 93
6 60
5 64
8 50
1 28
5 84
2 47
10 23
9 84
5 85
6 37
8 29
5 10
4 48
8 35
6 53
1 32
2 22
10 23
8 18
1 63
3 77
10 6
3 3
9 97
7 27
2 51
2 94
5 73
10 80
6 18
5 92
8 36
4 41
1 47
6 64
3 51
5 59
8 32
8 14
8 96
4 63
8 4
2 44
10 23
10 64
1 81
3 0
8 78
3 96
4 92
8 60
1 99
3 32
4 25
4 45
5 97
1 98
5 85
9 100
1 90
7 46
3 49
3 31
2 52
7 54
5 72
3 74
9 77
3 26
5 55
8 54
9 68
9 12
2 31
7 92
2 65
8 16
3 8
6 17
7 31
3 45
6 73
9 34
9 96
3 57
8 84
8 79
9 28
4 91
4 36
6 43
9 32
8 33
2 92
2 22
5 72
5 12
5 43
6 26
2 84
8 91
7 17
7 76
8 33
10 89
9 73
4 55
7 15
8 25
10 1
4 1
10 88
1 76
10 83
1 37
3 9
6 48
1 12
5 96
3 93
8 84
5 8
6 64
8 1
4 89
4 83
7 94
8 10
7 82
10 13
8 23
5 39
4 36
2 19
6 55
1 75
9 22
6 44
1 85
7 21
3 39
7 98
10 19
8 41
6 96
3 3
10 86
5 49
8 68
6 49
2 57
6 21
9 24
2 57
7 59
1 79
4 19
7 84
3 29
1 10
4 46
9 37
7 15
4 66
4 78
6 44
7 57
5 97
10 47
7 87
6 81
9 82
3 12
8 40
8 89
7 23
7 3
6 22
2 6
4 40
1 5
5 18
1 90
4 9
6 15
1 19
6 13
1 92
2 23
3 30
4 23
6 79
7 88
9 46
7 22
1 3
1 98
7 87
10 51
8 53
1 23
1 88
4 71
9 27
5 81
7 48
10 87
8 55
2 9
5 41
9 41
6 38
10 73
7 63
8 5
8 18
2 20
1 0
6 100
6 87
3 63
6 63
1 97
7 50
7 2
7 20
7 19
2 8
6 69
10 62
2 90
2 84
1 19
10 96
6 52
1 87
4 66
10 94
6 25
8 22
1 56
5 73
9 69
5 70
3 82
3 2
1 22
4 77
3 30
2 99
4 42
4 49
3 76
2 81
10 77
9 95
6 48
10 16
9 15
3 9
6 58
5 21
8 91
6 36
2 12
1 94
8 38
7 24
6 78
9 7
10 99
7 25
5 72
9 74
9 48
3 7
10 58
8 76
6 30
6 82
5 71
5 90
2 87
4 88
8 14
7 67
10 16
5 64
10 30
9 70
9 89
4 81
4 91
3 80
4 11
3 33
9 80
8 97
8 25
7 81
4 37
8 78
5 37
2 47
6 5
6 58
6 84
2 51
10 17
9 18
10 86
2 78
2 81
8 83
6 16
4 53
2 78
6 99
4 91
1 29
3 93
6 54
3 85
1 95
10 28
8 35
10 70
3 62
5 37
1 9
3 0
9 36
1 54
3 65
8 22
7 45
3 5
5 93
1 88
7 13
9 83
3 61
7 88
4 21
7 25
6 28
4 31
6 78
4 57
1 7
2 43
2 20
1 10
3 6
4 51
7 86
5 97
1 70
9 55
9 43
7 93
4 51
3 82
2 34
2 47
8 15
1 23
9 61
2 99
3 46
9 39
7 41
10 73
9 89
6 16
7 94
2 36
4 66
1 27
4 34
7 93
8 49
5 70
5 65
8 34
3 7
7 27
4 49
7 90
2 94
2 12
4 19
2 62
2 32
10 34
6 62
9 20
4 18
1 41
5 69
8 8
9 52
10 6
8 65
2 77
5 77
3 98
2 23
2 20
8 73
2 40
2 32
1 81
2 95
10 99
4 43
1 8
1 3
1 76
4 51
4 5
1 81
2 3
8 6
6 51
1 14
7 4
3 25
4 63
6 84
9 78
7 95
9 81
8 50
9 11
3 20
6 94
10 85
10 57
4 95
4 8
1 42
7 7
5 54
5 1
6 22
2 96
1 59
1 52
5 61
1 86
9 49
4 73
8 18
8 56
9 85
6 72
6 13
5 74
8 23
1 88
8 27
3 89
5 33
5 9
7 8
6 79
8 82
9 71
9 35
2 95
10 6
6 87
6 97
9 29
4 20
2 48
2 90
2 33
9 51
8 63
4 23
10 34
1 60
7 3
1 5
5 32
4 7
1 66
4 55
8 100
5 6
7 81
1 58
8 75
6 78
3 97
1 39
6 43
7 43
8 96
6 75
5 66
8 27
3 4
5 6
2 46
8 54
10 27
2 19
7 2
9 42
6 6
1 97
5 53
4 41
8 94
1 19
2 95
9 68
7 41
3 58
4 93
4 27
2 49
9 63
9 68
7 98
6 5
4 99
6 51
7 50
1 38
2 95
10 91
3 91
6 84
3 77
3 52
2 52
1 9
3 24
10 95
8 38
5 31
4 58
2 76
7 77
6 67
5 21
7 53
1 53
9 60
2 18
2 57
2 4
2 15
2 24
8 23
7 4
3 57
4 31
5 46
10 100
9 48
4 50
7 97
2 28
10 67
8 90
3 24
2 83
10 50
7 63
6 38
9 33
9 20
3 63
3 37
2 83
3 34
5 14
2 76
4 16
5 17
7 26
3 7
7 94
7 31
7 86
3 23
5 29
8 6
10 41
4 20
6 77
10 75
8 11
2 28
9 68
8 4
5 42
9 26
2 31
8 38
10 21
1 74
9 40
4 22
8 100
7 50
9 38
6 2
7 65
3 50
10 48
9 94
4 27
5 26
1 28
5 54
8 15
10 18
6 41
3 39
8 51
3 56
9 70
4 69
1 2
10 16
10 20
10 54
6 20
10 81
4 58
5 49
5 24
7 65
9 55
5 3
4 45
1 39
9 35
8 64
7 68
10 26
4 53
5 47
5 51
8 2
7 42
6 24
6 94
9 23
6 23
3 24
2 34
5 5
5 49
4 85
1 72
5 26
8 60
4 42
8 43
2 83
3 92
10 26
1 7
1 3
1 73
8 66
4 94
6 53
6 43
6 53
4 65
7 30
3 98
10 10
1 56
4 9
2 58
10 47
9 87
4 100
4 10
6 100
6 27
1 16
7 81
2 73
3 65
7 88
8 76
9 45
1 26
9 51
2 14
2 74
10 65
6 2
1 85
6 94
7 55
9 20
1 55
1 1
4 69
4 9
4 48
10 59
4 80
9 72
9 60
3 70
5 85
9 19
3 93
7 30
10 70
3 70
10 4
7 68
7 29
6 57
8 51
6 27
1 90
9 38
3 74
10 50
1 35
1 39
3 88
2 26
8 39
3 50
2 90
4 69
2 68
5 54
8 39
5 31
6 79
7 9
1 98
1 91
3 4
4 33
8 22
6 68
5 52
6 81
4 92
6 100
1 95
5 71
6 71
3 97
4 87
6 90
5 76
1 82
8 67
7 8
9 79
8 11
5 47
7 39
10 80
7 31
1 98
10 81
4 91
2 95
6 23
2 39
3 40
2 98
9 23
3 91
3 52
3 87
5 98
10 50
10 37
8 56
9 59
4 7
6 78
6 71
2 99
2 94
4 97
3 17
3 2
8 16
7 100
4 95
4 86
4 29
5 7
6 32
3 83
5 37
7 27
2 41
8 57
7 39
6 52
10 36
9 6
5 18
8 1
3 99
7 15
4 64
5 61
10 33
5 58
6 3
10 44
2 53
8 70
2 49
9 57
8 97
2 39
2 7
7 6
4 68
2 21
8 39
4 86
7 8
3 27
8 77
1 4
9 47
10 23
3 51
10 34
3 31
7 49
9 95
10 100
6 61
2 11
5 44
5 6
2 98
7 39
1 41
6 53
1 11
10 91
6 15
10 19
1 40
10 55
6 51
10 57
1 30
4 86
2 68
10 3
6 68
5 94
4 31
1 38
2 53
8 39
5 30
9 38
5 40
9 72
7 9
10 79
9 93
8 66
3 27
2 35
5 62
3 76
7 35
9 5
1 18
4 49
5 35
8 7
8 68
7 89
10 85
5 74
1 51
8 84
10 67
7 78
8 55
5 35
5 77
10 90
8 38
6 98
10 13
4 93
5 45
1 75
10 90
7 59
5 21
5 75
1 78
6 100
2 64
1 39
6 2
1 11
1 48
6 0
7 63
6 99
9 29
1 64
3 22
1 39
3 85
3 38
7 56
9 20
6 52
6 34
5 0
1 57
9 24
2 57
5 25
5 23
3 97
7 21
6 4
6 42
2 68
3 63
4 83
7 75
6 83
6 61
8 77
3 10
3 75
8 12
7 34
4 27
4 20
7 21
5 21
3 13
10 41
8 84
6 64
4 8
5 54
10 51
7 96
10 47
6 20
7 29
10 66
6 61
2 40
5 13
10 77
5 74
5 19
9 92
10 61
6 52
9 99
4 3
3 83
4 21
1 45
7 50
3 79
7 69
2 4
1 88
3 47
1 83
6 89
7 28
10 99
8 92
3 28
4 91
8 44
7 38
3 19
7 54
2 19
6 84
8 68
4 84
3 31
3 84
10 60
10 32
6 43
4 79
2 24
5 64
5 23
3 14
6 72
2 21
3 56
1 42
2 23
7 37
3 62
9 100
8 11
10 49
5 37
5 43
3 78
3 19
7 90
2 18
8 19
5 71
6 13
3 17
2 60
5 81
8 6
9 33
1 22
3 85
10 19
4 67
3 68
9 2
9 63
8 68
1 97
7 90
3 89
10 99
5 36
4 6
4 68
3 39
4 78
10 78
9 62
3 64
10 15
3 0
2 69
3 62
2 32
1 57
10 75
7 27
5 40
2 76
8 91
10 44
5 96
8 39
10 22
4 47
2 27
6 53
7 22
6 19
9 74
7 0
10 44
6 93
1 57
8 6
8 79
8 2
8 35
3 24
10 50
8 67
2 54
1 1
1 73
10 86
3 31
7 30
8 40
4 29
9 10
3 17
2 77
2 90
5 70
5 67
3 95
8 65
8 19
3 26
4 83
4 88
9 6
7 12
5 73
9 27
7 4
2 34
2 99
5 1
6 12
7 29
7 66
4 2
5 12
10 47
1 87
6 44
7 47
9 96
8 46
3 34
1 43
4 37
3 82
9 92
10 99
10 97
10 5
5 27
3 28
10 2
1 35
10 67
2 53
9 45
7 99
2 21
10 6
7 22
6 5
10 97
9 53
2 78
4 83
5 85
9 47
5 99
5 14
1 85
7 26
8 57
8 42
10 64
9 41
9 98
1 78
5 53
1 47
1 62
1 33
6 78
2 60
10 4
6 16
7 53
7 92
10 31
2 79
4 98
6 87
2 99
1 6
2 52
6 64
6 42
10 46
10 44
4 61
5 42
1 44
2 30
9 51
2 22
4 6
4 14
6 4
4 6
4 66
3 9
3 41
10 98
5 8
2 100
8 59
6 41
4 98
1 100
4 65
2 61
10 43
4 9
2 100
2 99
6 30
7 25
9 52
1 21
7 100
3 51
4 51
6 7
8 82
1 81
6 53
1 91
9 76
4 95
9 86
10 70
6 48
8 17
9 75
3 26
8 87
5 26
6 3
3 5
4 94
1 95
9 74
4 24
3 71
5 1
4 26
2 55
6 35
2 87
6 99
4 94
2 3
3 69
4 77
10 87
4 40
9 47
3 10
7 96
10 31
10 98
3 11
2 70
10 30
3 67
5 29
9 93
8 34
8 22
5 1
3 2
2 18
4 16
2 86
6 57
10 45
4 29
10 88
4 41
4 21
7 10
5 19
5 66
5 91
10 25
7 15
3 58
7 13
1 53
1 48
10 0
3 98
2 83
2 67
2 83
7 85
2 35
2 41
6 16
6 88
10 86
2 12
3 76
3 22
2 98
5 46
6 35
1 47
7 62
2 43
8 4
4 25
8 14
3 33
3 42
9 75
1 75
6 70
5 0
5 70
3 62
1 39
6 61
4 53
3 98
5 55
9 93
9 99
7 8
1 45
4 36
9 69
2 77
3 71
10 82
6 71
9 85
2 15
9 81
1 39
10 6
4 18
6 19
8 15
7 35
5 56
3 27
6 48
3 74
9 13
9 42
5 13
10 40
10 91
5 93
2 16
4 44
3 16
9 80
8 84
2 4
4 54
6 13
2 77
6 79
10 1
7 59
10 18
6 79
8 14
4 43
1 0
9 84
5 20
8 0
5 6
1 98
6 33
5 13
10 25
6 39
9 30
3 26
8 13
1 64
2 32
5 77
2 51
4 75
2 97
2 14
10 31
9 22
2 98
10 6
7 40
9 57
5 97
5 95
9 36
7 15
8 84
6 42
9 53
10 46
6 52
6 16
1 38
1 71
5 96
7 10
7 27
10 49
4 22
6 14
5 48
5 76
1 90
7 59
1 76
4 60
8 76
3 21
1 55
3 88
4 73
6 9
6 38
5 77
4 33
6 28
1 46
5 80
7 37
8 4
2 14
5 23
10 72
3 9
4 0
4 9
5 71
1 63
8 81
2 71
8 58
3 98
2 32
5 90
7 62
1 29
10 51
6 26
9 79
9 42
2 58
6 89
10 43
2 23
8 49
5 38
5 13
7 71
7 83
1 78
6 69
7 45
5 49
10 21
2 81
9 9
6 75
3 34
5 94
5 78
9 1
8 9
6 4
9 6
1 26
3 27
5 5
9 32
9 82
1 72
9 44
1 12
9 60
6 99
2 93
1 37
3 85
8 86
8 40
9 80
3 17
1 22
2 97
2 45
2 10
1 11
7 95
3 81
2 29
7 26
7 11
3 56
2 80
7 8
9 79
7 40
5 99
2 31
3 21
4 13
10 20
3 55
6 90
7 86
9 6
10 15
9 23
9 72
6 33
9 95
9 15
4 63
1 11
7 88
2 59
3 86
8 22
9 71
8 83
5 90
6 93
10 10
9 26
4 10
1 98
8 24
5 57
6 84
10 75
5 93
3 67
7 57
4 77
2 0
5 31
3 64
1 95
3 84
1 51
8 78
5 13
2 41
8 54
3 44
6 89
3 19
8 7
6 76
1 6
7 36
5 5
10 42
1 30
5 4
3 70
4 34
2 53
6 31
5 48
9 95
9 67
3 17
7 45
9 70
7 59
3 39
8 69
10 65
1 66
1 20
10 46
1 55
6 9
6 70
7 41
6 93
8 14
5 100
1 42
8 90
5 10
7 14
9 80
2 44
4 88
3 14
9 25
6 94
9 73
4 58
10 26
8 20
1 56
3 31
6 98
1 64
7 74
10 11
6 53
5 18
9 65
6 19
2 30
7 53
5 38
1 55
10 13
7 51
4 83
2 69
1 19
7 45
1 17
6 56
2 56
6 85
8 53
2 20
9 82
7 31
5 77
10 74
2 1
8 61
9 14
9 65
1 82
5 5
5 12
8 67
5 72
4 47
8 40
6 85
3 4
7 94
2 86
2 56
8 62
5 75
4 11
6 15
10 72
7 95
5 18
5 32
5 59
6 49
4 43
2 55
5 46
9 45
6 20
10 49
8 92
6 1
4 39
6 54
8 66
3 3
7 45
1 100
3 70
4 19
8 49
3 97
9 69
3 56
2 11
7 75
7 60
5 97
8 60
4 72
6 57
8 28
1 73
3 96
10 55
10 9
5 28
10 13
8 78
8 93
2 2
10 84
5 81
4 77
4 71
4 41
8 18
8 9
10 69
8 19
1 90
6 52
10 32
9 75
3 75
1 53
10 0
4 60
3 28
1 38
1 52
2 78
7 19
4 14
5 64
9 59
3 21
3 96
5 50
6 39
5 14
9 78
8 16
6 2
3 62
3 81
9 81
4 42
4 12
1 33
1 59
1 53
4 75
8 18
4 76
8 78
3 82
4 47
10 33
4 72
1 49
5 6
10 10
4 25
4 77
3 52
1 39
5 63
1 86
5 86
6 66
8 41
6 0
7 31
8 32
2 70
9 2
10 15
5 7
7 92
9 85
3 42
1 81
8 71
4 37
9 67
5 77
1 41
6 93
5 20
4 49
8 56
10 86
4 37
6 19
6 89
2 11
5 9
10 34
7 6
5 88
5 30
6 15
8 54
1 61
9 81
8 82
7 43
4 96
1 88
10 25
10 46
2 11
4 12
2 74
8 39
3 3
3 66
5 76
10 98
10 58
3 5
8 31
5 68
9 17
6 25
5 63
1 7
4 48
6 44
4 38
4 33
3 8
9 56
6 10
7 80
2 5
7 60
7 77
6 71
1 30
3 90
9 11
1 97
9 77
4 90
1 0
10 16
3 80
2 37
7 84
5 6
4 41
4 13
1 56
7 46
6 62
1 28
5 92
6 59
7 13
8 28
1 45
10 64
7 15
2 99
6 0
5 86
7 10
1 65
9 60
2 95
7 68
5 79
10 19
7 91
2 34
6 14
8 41
1 82
8 82
7 21
10 34
9 51
6 56
3 18
4 99
5 55
6 23
1 28
5 26
7 55
1 41
6 6
6 76
9 75
6 47
5 26
10 4
1 0
8 32
3 50
9 52
5 80
10 11
4 69
4 39
3 28
6 18
5 96
6 63
4 79
3 22
3 72
8 50
2 89
4 83
9 63
9 58
2 45
4 29
5 32
7 53
10 6
8 36
9 67
10 3
4 82
5 73
6 6
3 82
6 71
4 70
10 36
10 56
4 48
5 43
2 16
3 97
9 74
6 54
10 54
2 19
8 21
1 25
5 98
10 88
6 61
9 72
4 52
1 55
5 91
4 17
3 56
1 53
3 85
6 15
6 71
10 77
2 59
4 51
7 5
1 1
1 12
6 44
3 24
2 92
4 89
10 71
7 25
6 16
7 16
4 50
8 37
2 42
3 27
2 61
2 62
8 17
6 44
7 79
1 16
4 31
6 38
8 29
10 54
7 79
1 66
10 58
3 39
7 1
9 28
6 35
6 46
5 60
3 22
3 35
7 23
10 81
10 32
2 63
2 27
10 49
3 27
4 17
8 79
1 36
1 73
1 14
4 76
6 64
3 25
6 79
5 27
8 71
10 62
6 71
2 3
2 86
8 17
5 83
8 27
10 62
2 73
1 69
4 8
2 6
3 14
10 60
7 73
8 55
5 29
2 27
9 9
2 16
1 69
8 88
4 37
6 3
3 36
1 58
1 27
1 83
2 87
2 97
3 63
2 38
8 14
7 1
7 33
3 62
10 51
4 77
3 3
6 44
4 80
10 41
2 2
4 6
8 62
8 48
5 79
8 51
5 27
9 80
9 55
9 95
8 80
5 68
9 14
8 26
7 16
5 46
4 72
4 69
8 12
4 1
4 100
3 92
9 65
3 80
5 88
7 62
1 14
8 97
9 62
10 33
10 37
8 2
3 12
8 22
3 21
8 41
6 24
2 9
2 1
6 74
1 83
4 90
5 47
3 36
7 2
1 22
4 95
10 13
8 76
4 20
7 53
3 6
8 56
1 30
3 64
4 91
6 44
1 27
4 71
7 81
5 36
10 17
7 73
10 51
6 79
3 95
3 74
4 63
8 49
7 56
2 39
9 12
4 53
3 16
8 48
3 28
8 67
7 1
1 30
7 65
3 51
9 18
3 16
7 64
8 57
2 74
3 62
6 60
10 42
8 5
8 75
1 9
9 16
5 78
4 49
4 27
9 97
10 78
4 58
2 8
8 59
7 94
6 96
5 44
9 53
7 53
5 99
9 47
5 86
9 7
9 45
7 6
7 90
1 71
5 92
8 57
9 6
8 81
7 79
1 16
1 51
10 17
3 51
4 93
8 56
7 12
6 43
8 22
10 96
1 7
6 19
8 86
1 76
7 78
4 32
1 32
10 48
7 29
6 29
1 46
9 19
4 45
5 19
7 89
10 24
8 46
10 20
2 6
6 37
3 58
7 97
9 73
5 30
7 86
9 12
3 17
6 93
6 1
5 25
10 90
6 56
2 29
6 15
8 6
9 5
1 37
2 51
1 82
9 97
2 86
10 83
4 53
10 48
4 36
10 4
1 45
8 40
3 63
3 2
9 57
7 86
9 3
1 88
6 89
5 47
10 62
5 53
2 55
10 10
4 88
8 100
6 54
2 29
6 53
8 91
9 12
8 96
4 95
6 3
2 8
10 19
10 100
7 94
3 59
2 76
2 65
2 69
5 22
4 5
1 9
10 12
10 28
1 76
10 81
6 59
5 98
5 26
7 77
9 80
6 59
2 33
4 95
1 20
6 88
10 77
6 54
6 50
4 31
3 66
4 0
4 11
4 5
8 6
5 60
2 50
3 48
10 74
2 17
1 93
4 17
5 44
7 27
9 45
6 91
2 22
2 20
10 73
7 5
1 41
8 86
6 72
4 7
8 78
9 81
6 25
8 22
4 52
6 97
4 98
9 79
2 27
7 47
4 1
9 93
2 24
5 26
6 48
1 39
9 66
6 59
9 66
3 3
4 85
1 13
7 87
2 53
5 54
3 64
7 96
10 44
2 27
8 67
10 33
4 60
6 22
5 27
7 70
2 14
6 20
8 22
8 94
3 15
8 68
4 21
4 71
10 84
1 58
10 83
7 6
8 0
4 26
9 39
1 38
1 78
5 40
10 88
7 23
6 95
10 27
6 33
6 76
6 29
5 17
9 94
5 56
4 5
10 8
2 37
10 3
9 43
6 56
7 41
1 11
7 13
3 69
4 56
3 24
2 20
2 16
10 10
1 99
5 76
9 36
6 40
3 38
9 93
4 77
8 9
2 20
5 50
10 35
5 96
5 27
5 39
1 87
1 5
7 31
10 60
1 42
2 55
3 25
10 64
4 1
7 48
5 10
6 20
1 3
3 70
3 3
7 72
8 44
2 6
2 65
3 31
2 36
2 71
6 11
10 92
5 46
1 54
7 83
7 6
4 57
6 20
5 72
3 43
9 80
4 93
8 52
4 45
6 18
7 46
4 38
5 3
5 53
7 62
2 19
5 53
5 52
3 10
10 51
10 59
8 6
7 40
7 55
9 13
5 0
9 0
3 25
6 9
8 9
1 71
9 57
1 30
9 69
3 75
6 51
5 55
1 4
2 72
9 81
6 81
7 99
6 59
4 16
3 71
4 92
2 48
8 48
2 77
1 68
5 78
5 89
5 79
5 4
1 31
1 28
8 88
7 59
8 75
1 8
8 13
9 74
1 69
4 66
3 99
4 69
5 63
8 84
1 48
7 22
6 100
9 96
7 70
5 42
7 28
5 75
2 0
10 28
4 44
7 98
4 92
6 19
5 15
8 37
2 18
8 9
7 28
3 60
10 94
5 53
6 49
2 7
9 8
1 62
4 91
1 35
6 66
1 49
4 50
3 98
7 35
7 7
3 22
4 69
8 25
6 89
4 70
5 54
8 85
4 73
9 72
9 27
4 65
7 19
2 5
8 44
4 98
1 21
4 55
8 21
5 16
7 58
5 47
6 67
1 68
7 65
8 3
5 33
2 13
10 41
8 92
7 99
9 49
10 87
8 18
7 89
1 14
2 7
8 96
2 58
9 29
3 90
3 60
3 75
8 13
6 81
8 39
10 42
2 52
10 31
3 47
6 69
7 51
3 47
9 42
3 13
9 38
6 36
10 34
7 17
6 76
6 16
8 97
2 70
1 76
5 62
1 26
10 85
5 21
2 88
6 12
8 7
8 46
1 40
8 92
6 30
6 13
8 50
6 23
6 1
9 85
2 84
1 1
4 31
8 27
9 93
5 20
6 3
9 55
7 36
8 39
6 29
1 5
8 3
2 23
3 5
8 82
4 62
1 37
1 59
10 43
10 80
4 58
4 59
5 91
5 76
10 94
3 0
8 93
4 46
7 88
4 1
4 89
8 53
7 92
5 20
6 52
4 67
1 6
1 12
6 37
6 60
3 5
3 92
7 10
7 46
7 47
10 70
9 66
3 25
10 29
10 59
8 77
7 92
5 45
10 29
1 68
8 19
7 40
9 29
6 91
8 32
4 99
2 6
8 29
3 8
9 34
10 40
3 38
1 62
1 72
1 33
5 25
6 92
8 84
7 43
5 78
9 79
10 44
6 69
1 30
6 20
10 83
3 24
1 96
7 54
2 7
3 83
8 50
7 98
1 31
1 45
3 84
2 96
2 18
8 34
3 19
9 25
6 85
2 42
5 34
2 32
7 80
2 37
7 25
4 28
5 63
4 51
8 38
3 10
2 1
9 99
5 51
10 30
4 72
10 80
2 13
9 93
10 12
9 68
1 33
10 36
5 26
10 22
1 7
9 66
8 31
9 67
3 33
4 18
7 78
10 14
6 55
6 30
3 52
6 4
10 95
2 7
8 19
5 95
1 54
8 8
9 10
7 29
8 12
4 13
10 40
2 6
6 78
6 23
2 2
5 76
3 20
2 84
1 90
2 84
9 59
6 95
3 34
8 88
4 33
4 6
3 24
10 100
8 81
2 100
4 24
2 47
7 38
5 73
6 68
4 41
7 70
3 42
3 39
5 34
8 68
6 82
3 42
2 48
6 19
2 14
8 94
7 84
4 44
9 88
5 46
9 23
2 50
5 22
1 74
3 91
1 50
8 46
4 93
10 21
8 74
5 5
6 99
10 2
6 1
6 29
6 4
10 60
5 7
10 75
1 72
9 15
7 14
7 88
9 55
9 20
8 63
7 37
6 64
10 85
1 30
3 94
1 95
1 44
8 35
8 71
7 37
2 61
7 72
6 52
2 47
4 69
1 24
1 11
9 54
1 19
6 30
4 44
8 7
8 30
6 47
7 75
7 7
9 27
4 68
5 83
4 8
6 72
9 40
10 30
9 30
2 49
8 45
5 46
7 54
2 56
10 3
8 29
8 56
6 44
8 100
7 27
9 21
9 96
5 9
6 56
4 57
2 91
6 92
8 59
10 38
9 42
5 28
1 94
5 24
6 61
8 58
8 92
2 81
4 86
10 13
6 82
1 43
2 2
4 90
8 42
8 68
9 43
3 1
4 15
7 0
7 43
7 24
7 81
4 77
10 28
7 14
8 21
10 80
6 97
10 52
7 4
8 90
3 6
4 70
6 95
3 11
9 75
9 59
2 42
6 85
5 73
4 41
5 96
1 21
2 20
7 97
10 65
8 3
2 47
1 45
8 33
6 80
6 97
1 7
9 77
1 37
3 5
8 95
4 70
3 62
7 91
10 91
4 2
5 89
3 49
7 28
9 34
4 89
5 13
8 10
1 27
10 12
1 23
1 7
3 54
1 68
10 39
7 91
2 29
4 100
4 88
7 25
2 54
4 73
8 99
1 47
8 31
3 46
4 62
6 55
4 68
10 64
9 74
2 57
8 36
10 78
2 15
3 96
3 90
6 95
2 12
7 84
7 30
4 47
1 74
7 69
4 13
8 81
1 25
7 96
5 96
9 28
9 46
1 73
9 13
10 85
4 15
1 82
9 87
10 19
1 37
8 20
7 4
1 95
2 81
6 32
2 30
9 17
2 6
4 3
7 14
4 80
2 74
10 19
4 17
6 29
4 22
2 67
4 87
6 93
5 65
6 29
1 42
6 41
10 13
7 1
10 36
9 79
9 9
1 5
7 82
5 15
5 86
10 36
9 93
7 82
5 81
3 36
6 2
8 85
2 76
8 4
3 75
2 91
7 90
3 37
2 45
7 93
7 22
10 3
5 6
10 95
7 74
4 36
8 45
9 6
5 72
6 25
1 63
9 23
4 100
3 100
2 99
6 53
10 98
9 3
3 61
2 91
1 49
9 58
4 19
2 25
5 81
6 30
2 15
9 47
10 90
3 28
7 47
8 24
3 76
3 27
8 11
3 32
7 92
3 61
1 37
1 73
7 71
3 11
1 21
10 96
10 14
7 44
9 68
2 83
3 24
3 83
2 19
3 47
3 43
4 54
6 88
7 78
10 87
8 3
5 12
10 2
1 14
6 77
10 77
6 7
10 75
1 46
2 22
2 90
4 34
7 27
3 2
8 46
5 87
5 21
6 60
8 37
9 40
6 57
7 63
5 83
4 20
2 24
6 62
6 33
4 0
7 69
2 2
2 14
7 34
10 44
6 96
1 90
8 59
9 98
4 16
5 15
10 81
6 93
3 22
1 64
2 33
3 57
3 37
3 71
2 62
5 71
9 47
5 78
1 25
10 11
10 92
2 37
10 12
7 49
3 94
9 66
7 38
7 33
9 51
6 94
1 1
5 54
7 20
10 86
10 0
5 9
5 89
9 98
8 50
7 91
9 77
2 98
8 98
9 37
5 12
6 41
7 92
4 77
2 71
8 60
9 82
2 70
3 98
8 93
1 39
9 96
2 86
2 3
7 36
8 34
5 4
7 63
6 67
10 53
1 67
9 66
6 63
9 22
3 34
9 53
8 71
10 69
4 0
2 96
7 70
4 79
5 75
1 23
4 32
3 60
8 97
10 24
4 62
3 26
4 7
1 87
7 24
6 69
6 35
3 16
1 66
1 97
5 55
10 6
9 83
8 38
1 54
1 81
6 2
3 65
7 0
2 74
3 53
1 12
8 16
2 7
3 26
2 68
4 29
8 97
7 42
6 100
7 3
1 17
8 15
9 36
4 85
4 81
10 25
10 38
5 37
5 42
4 45
7 59
9 48
4 18
5 99
8 68
1 87
7 59
4 1
9 54
9 78
8 11
6 14
7 81
5 0
4 66
4 93
1 1
7 100
10 55
5 74
3 95
9 34
6 46
4 38
3 51
8 52
7 12
5 35
3 32
2 12
5 28
10 15
5 97
6 5
9 100
9 10
10 49
1 65
6 93
7 20
5 89
3 58
6 20
7 87
3 44
10 35
2 55
2 24
2 10
1 65
2 6
10 72
1 50
3 0
4 3
10 49
5 45
10 56
5 10
5 18
6 38
10 48
9 20
6 88
1 67
2 81
7 29
3 59
2 58
8 11
5 70
2 92
10 75
10 14
3 0
6 92
4 85
7 20
4 24
4 11
8 25
9 18
10 9
1 90
5 66
9 8
2 88
4 87
10 94
6 20
6 68
3 21
2 37
6 21
10 98
3 89
8 99
7 53
6 75
10 10
4 33
5 6
4 56
8 69
9 29
6 7
6 30
1 17
2 98
1 69
4 87
8 78
10 25
4 93
4 13
3 73
7 32
8 36
6 83
9 95
10 7
1 16
4 30
10 50
5 78
4 8
2 42
2 21
7 71
1 93
1 57
8 86
3 90
4 81
8 9
4 14
6 3
6 37
8 55
8 61
8 5
3 83
4 78
9 54
4 34
4 70
5 65
9 66
4 16
1 50
1 85
8 70
8 17
9 77
4 58
5 56
10 72
2 14
7 14
8 7
4 33
1 12
10 96
9 5
6 5
5 78
8 3
3 92
3 26
2 85
3 34
2 59
2 6
10 97
6 52
4 19
4 1
1 10
7 63
8 3
7 79
6 84
7 12
6 26
4 15
6 5
8 33
4 96
9 14
4 6
2 20
5 71
8 98
7 7
10 90
4 89
8 89
8 5
8 21
2 66
9 15
9 25
6 12
4 95
4 42
9 16
6 22
10 40
7 65
8 6
9 58
2 77
1 83
8 97
2 2
4 54
10 4
7 1
2 45
1 69
1 43
4 55
1 94
9 51
9 7
10 41
2 73
6 1
4 100
9 48
8 71
4 78
5 53
4 1
2 6
9 5
6 48
9 4
5 97
1 65
4 69
8 64
5 18
1 13
4 98
1 40
6 73
5 74
6 61
4 12
1 46
3 17
9 19
1 75
8 4
8 35
4 29
4 27
6 15
8 77
4 79
1 46
10 50
10 43
9 62
5 55
9 96
2 21
4 34
7 68
10 25
7 73
10 13
6 31
10 12
9 17
5 59
6 64
8 38
8 66
6 24
7 28
7 76
9 7
7 51
5 90
10 66
5 26
6 47
1 44
1 74
1 68
3 68
1 10
4 15
6 12
3 33
3 68
10 32
4 10
6 0
10 49
4 76
5 83
6 40
2 78
10 59
6 57
2 80
2 23
1 45
5 15
7 98
2 12
7 96
2 61
6 64
1 100
9 54
9 75
5 4
5 34
2 80
3 43
8 30
4 97
5 92
4 37
8 78
7 9
2 52
10 79
2 87
2 12
8 6
6 14
2 31
9 48
7 15
5 92
1 71
2 6
1 14
8 33
9 13
2 3
3 18
5 89
3 33
8 17
3 38
8 91
5 3
7 45
8 89
7 38
4 27
3 1
8 22
1 58
10 65
10 29
10 97
1 21
1 51
8 10
4 78
4 51
2 31
10 63
6 32
3 31
1 25
6 72
3 83
8 84
9 78
1 85
6 9
8 2
6 5
1 28
6 37
3 63
7 73
7 22
6 11
6 2
10 72
1 80
1 76
2 2
10 81
6 31
3 19
2 60
3 45
10 32
9 34
10 31
7 48
5 100
2 85
7 12
8 96
4 7
3 89
10 49
5 77
10 82
2 4
7 17
6 84
5 99
2 54
2 47
6 74
8 8
2 57
8 45
10 5
8 55
5 68
10 32
6 30
6 32
9 75
3 91
3 11
2 46
9 67
2 37
9 64
5 95
3 57
10 20
10 50
9 80
9 68
3 21
2 98
9 50
6 67
3 33
7 85
3 90
9 68
7 53
1 94
2 20
4 95
8 17
3 84
10 67
2 70
4 6
2 88
3 82
4 9
8 74
6 48
10 34
4 60
5 52
1 22
4 27
1 43
2 80
1 73
3 60
10 58
3 37
3 26
10 34
2 91
5 75
8 66
4 13
10 99
6 7
1 52
10 21
1 13
4 28
9 29
9 16
2 84
3 1
4 3
1 21
1 21
3 62
7 50
2 64
8 9
6 34
3 56
10 77
9 71
5 60
9 55
4 16
1 29
4 84
10 8
2 96
9 60
2 79
2 11
1 99
10 79
10 57
7 4
8 15
4 94
7 24
7 41
5 86
4 86
4 78
10 21
3 43
7 97
7 16
4 68
7 95
10 78
9 35
2 3
8 32
1 66
6 100
3 37
10 55
9 68
2 37
10 75
4 41
9 12
2 0
7 77
9 77
3 21
4 61
6 45
10 64
3 80
3 43
9 95
2 42
4 71
4 8
2 12
5 36
8 14
10 33
2 18
1 56
2 18
10 12
4 16
8 15
1 69
7 41
2 35
2 7
6 12
5 78
4 1
3 18
7 24
6 93
3 67
7 99
2 10
4 28
5 28
2 67
2 19
6 17
6 49
2 84
9 16
4 87
10 30
6 14
7 13
10 20
5 68
1 65
3 4
9 81
7 16
6 22
1 11
5 45
5 45
10 28
1 85
10 82
1 26
10 26
7 60
1 89
6 79
6 39
3 18
5 32
1 51
2 88
7 60
4 59
4 1
6 76
3 42
10 38
5 39
1 99
9 72
4 42
4 35
3 64
8 81
5 97
5 10
1 66
2 41
4 74
8 93
4 31
9 61
10 47
3 93
2 98
10 88
2 72
7 17
4 76
3 72
2 10
2 45
1 18
9 55
1 93
10 60
3 88
6 14
3 66
4 19
8 20
6 28
10 0
9 45
7 30
8 71
5 35
5 79
3 56
4 17
1 18
3 42
6 82
2 0
5 89
1 17
8 98
6 66
3 15
4 4
6 80
2 53
8 87
3 12
6 67
2 51
4 26
9 67
4 71
9 0
7 45
1 86
1 78
5 90
7 27
4 23
6 59
3 9
5 14
7 72
1 27
10 6
7 18
8 36
8 8
2 4
8 71
2 50
1 93
6 9
9 85
7 88
2 12
6 33
6 79
6 94
4 48
5 58
4 96
10 22
5 38
5 80
2 81
5 19
3 21
7 66
5 97
1 2
2 2
3 73
4 47
3 15
7 42
1 93
6 43
10 99
3 27
8 98
3 6
9 95
9 62
4 71
8 6
10 100
7 48
3 40
8 46
3 5
1 54
7 6
3 73
10 75
10 61
9 73
5 55
8 58
8 73
6 30
9 48
2 5
2 33
5 30
5 56
6 39
7 54
5 62
6 80
1 53
4 35
4 44
8 59
5 5
5 57
10 20
4 28
6 53
6 41
3 32
1 88
6 45
4 35
6 56
1 5
2 70
10 79
10 86
3 49
4 41
1 17
3 52
6 16
6 5
9 13
2 23
9 62
8 82
1 91
5 75
7 57
6 51
9 68
6 23
4 40
3 36
10 78
5 9
10 1
5 90
9 13
4 5
9 52
8 19
7 100
4 89
9 84
9 54
7 0
3 94
10 93
2 89
2 81
1 79
7 9
1 89
8 91
4 54
3 20
7 76
4 10
6 36
9 16
2 78
1 57
7 35
3 72
6 53
3 72
6 57
1 55
4 82
6 86
3 48
10 25
8 97
7 4
9 99
9 26
1 37
6 40
4 2
7 62
3 76
4 0
3 47
2 8
8 27
3 48
3 13
7 45
7 20
7 0
6 6
3 46
4 64
6 44
9 72
1 11
7 86
3 11
6 37
6 21
4 87
9 47
4 53
6 59
8 7
10 47
2 2
6 66
1 69
3 40
7 94
1 27
7 70
2 79
4 73
9 99
6 84
7 91
1 75
4 62
1 52
9 42
2 21
8 37
10 100
8 56
10 81
3 4
4 68
9 53
5 53
1 4
7 81
3 93
4 58
10 6
5 59
4 30
1 85
10 34
2 63
1 25
10 75
4 62
5 51
4 90
8 1
3 21
6 94
9 54
9 94
3 4
6 23
8 60
8 97
10 25
10 77
9 89
8 75
1 75
6 65
6 64
2 99
3 75
8 86
9 26
3 94
4 71
10 73
9 95
10 83
3 74
5 9
2 59
9 84
8 28
8 70
3 18
1 98
7 100
1 94
3 62
7 3
4 19
1 28
4 69
9 90
6 70
8 23
5 69
9 4
2 52
4 44
2 60
8 73
3 56
2 58
4 59
6 17
2 1
2 27
6 6
7 63
4 96
4 54
5 56
9 92
5 54
9 9
6 98
2 87
2 42
8 80
8 97
8 11
9 78
4 3
4 57
3 67
10 90
6 29
3 99
1 35
1 23
2 15
1 98
6 60
1 93
6 17
4 3
8 28
9 97
9 0
4 88
1 9
8 69
4 94
9 77
8 64
8 6
8 70
7 84
4 2
8 35
10 70
10 72
6 94
6 33
5 34
10 54
2 10
3 29
10 83
2 20
10 4
7 16
1 95
10 43
3 28
1 33
5 99
4 30
4 93
4 6
10 66
9 49
9 1
7 93
2 83
5 33
1 71
9 9
3 19
5 19
3 60
2 44
9 46
10 37
7 29
2 87
2 99
8 54
1 21
7 4
7 30
9 68
9 32
6 95
3 33
1 50
5 98
3 45
1 29
2 26
6 98
5 12
3 31
9 93
1 73
8 58
9 77
6 79
1 0
8 18
7 95
3 3
10 46
5 98
3 23
10 22
5 83
8 69
9 100
10 43
5 97
4 81
3 90
4 99
1 15
4 90
4 77
5 84
2 52
7 47
8 59
6 86
4 97
3 50
2 35
9 42
8 28
4 40
4 65
6 13
5 22
4 95
7 28
10 24
8 62
10 5
2 89
2 62
6 89
4 0
5 56
8 44
3 75
5 83
9 59
4 97
2 27
3 57
2 8
10 42
4 63
6 72
3 42
4 38
5 52
8 54
8 63
10 70
9 20
2 81
5 14
8 40
10 99
1 6
5 24
6 42
8 84
3 9
10 21
7 75
9 15
10 8
6 94
8 8
5 56
3 66
3 76
1 35
3 8
4 81
7 67
1 0
7 94
10 13
3 0
7 71
7 43
6 18
5 77
1 17
4 49
1 91
2 63
2 28
10 83
9 34
4 93
4 97
2 90
10 41
7 4
1 13
9 9
4 21
7 27
8 23
6 67
2 29
5 57
6 62
4 14
3 26
10 13
2 79
9 24
4 95
6 87
1 72
6 42
6 87
2 56
10 92
9 6
6 95
9 62
5 41
3 46
10 4
5 45
8 84
5 64
4 98
9 38
4 55
5 11
3 6
4 65
4 24
4 57
1 59
3 28
3 93
10 59
5 35
8 62
7 1
4 41
3 68
1 7
8 23
6 66
1 2
8 9
3 16
5 78
1 26
4 45
4 8
7 90
10 64
3 26
2 45
2 51
6 26
10 38
1 57
2 90
3 68
5 51
5 80
4 48
2 3
7 4
10 69
6 87
2 82
4 60
4 63
3 39
8 20
1 3
10 57
5 3
1 32
3 64
7 4
3 93
2 8
1 64
5 9
10 92
4 92
10 56
1 88
10 91
6 24
1 96
8 18
1 95
10 0
5 83
2 44
4 8
7 13
6 72
1 6
9 94
8 64
7 48
5 75
3 48
5 63
5 44
1 59
7 21
8 12
2 67
6 16
4 95
2 62
7 49
1 57
1 14
6 34
3 60
6 17
9 37
9 28
5 43
6 57
8 47
3 67
1 22
10 75
3 82
5 33
9 4
5 72
2 12
2 48
6 49
1 45
6 70
6 9
6 26
8 50
6 68
3 50
6 25
6 87
8 30
6 65
8 55
6 92
4 60
9 42
3 61
4 82
1 9
1 7
7 51
1 51
10 83
4 31
10 1
2 59
7 31
2 34
2 52
2 47
6 59
1 70
9 1
2 88
7 52
5 44
7 55
10 82
3 61
2 91
2 64
10 0
3 66
9 18
2 42
7 93
7 16
1 27
8 67
9 83
10 18
8 49
2 36
9 20
1 30
10 86
9 63
5 90
8 60
6 63
6 77
3 18
9 49
6 77
8 31
4 7
8 88
7 0
2 24
2 96
2 26
10 63
5 2
7 14
9 63
3 63
5 10
2 7
1 1
3 23
1 13
6 5
9 68
9 75
7 30
6 83
2 35
4 60
10 69
7 59
1 71
7 65
4 27
2 27
6 96
4 88
9 69
3 11
7 78
9 67
4 69
1 55
9 0
4 7
9 14
5 22
5 82
10 87
5 32
9 13
2 51
10 48
8 94
8 81
5 62
3 3
1 2
1 87
4 24
9 78
8 47
1 51
3 89
8 53
10 88
7 58
1 14
5 81
1 20
9 86
4 6
3 55
5 92
4 56
5 16
8 6
4 60
5 96
8 77
3 53
4 64
2 39
3 81
4 52
3 95
1 41
4 26
1 72
7 57
1 96
1 43
1 41
1 58
7 46
3 18
7 96
9 12
7 35
6 32
3 60
7 3
6 10
3 18
7 77
7 64
5 85
9 33
6 98
10 97
5 21
6 57
8 98
2 36
10 64
6 71
5 1
1 9
10 44
10 59
9 23
8 50
2 69
2 61
2 84
6 86
5 86
7 37
9 85
4 92
9 77
1 88
5 42
7 63
6 31
1 34
10 12
3 16
4 3
2 60
2 7
10 76
7 68
6 32
7 83
3 9
5 35
3 10
7 89
3 97
5 44
10 90
6 49
4 88
8 20
5 90
6 15
5 30
3 98
7 24
10 74
7 18
4 87
1 92
8 71
9 43
1 81
6 8
3 44
6 18
7 59
1 17
1 52
9 100
2 2
4 92
1 7
8 86
6 74
9 72
9 83
9 38
2 41
1 67
2 38
6 76
3 84
5 78
5 40
2 65
5 95
4 32
1 57
8 12
5 64
9 10
7 47
8 53
4 56
2 6
10 67
8 92
7 15
2 76
8 77
4 41
4 3
9 35
3 31
4 5
9 49
7 46
2 97
9 82
6 90
3 50
5 66
6 39
9 14
7 39
7 85
5 83
5 49
9 43
7 67
5 94
3 8
8 31
1 89
4 52
2 100
7 55
3 72
4 19
9 88
2 52
8 67
1 51
8 71
4 95
7 93
10 22
6 71
5 2
4 23
3 43
10 58
3 54
7 100
2 98
7 28
8 70
5 34
1 78
10 61
4 62
9 5
6 7
9 89
9 54
10 24
4 13
3 94
4 35
1 11
4 22
3 7
2 38
5 17
3 16
5 30
1 27
3 45
8 55
3 4
9 44
6 81
9 67
5 4
7 58
3 89
4 15
2 2
6 72
3 81
5 100
1 18
1 96
10 16
2 89
9 16
2 81
7 29
5 38
8 3
1 65
8 38
7 27
8 25
2 65
2 95
7 5
5 81
5 99
10 47
2 8
9 61
7 67
3 95
1 54
8 13
5 61
4 40
4 63
4 19
10 1
6 10
9 25
10 14
3 5
7 65
7 58
4 50
3 88
10 17
4 13
8 71
4 98
5 11
3 4
3 25
4 27
6 27
9 91
3 91
7 62
2 40
1 71
7 66
9 13
4 72
7 47
3 39
9 92
1 83
7 6
6 2
7 56
7 98
5 74
2 24
9 5
10 66
5 60
8 95
1 8
6 63
3 14
10 87
2 72
5 8
1 72
4 30
6 76
6 9
7 87
3 25
4 61
4 26
2 22
6 75
5 72
10 17
7 31
1 51
6 11
3 84
3 0
6 66
10 94
1 48
6 68
2 20
4 44
4 30
3 89
5 42
3 71
8 4
1 5
7 61
6 54
2 64
3 63
3 13
9 57
6 27
10 15
9 51
3 84
7 29
5 28
6 20
8 37
7 39
6 35
9 90
7 56
5 24
6 86
10 71
3 13
8 100
3 96
9 16
10 6
7 99
9 91
1 87
3 59
3 27
8 49
10 92
5 30
2 40
5 26
4 94
10 64
2 22
2 37
6 27
7 52
7 100
2 62
1 98
1 59
7 16
5 61
7 63
9 27
1 16
7 83
10 69
8 92
4 40
8 52
2 99
7 90
8 52
5 42
10 60
1 43
1 57
6 42
9 39
2 49
5 9
8 89
4 87
3 93
5 53
7 1
4 36
1 9
9 66
10 38
6 70
9 91
10 95
9 80
3 73
4 43
8 23
7 56
10 54
5 57
3 50
10 100
4 30
1 95
1 8
1 95
5 86
8 41
10 66
3 9
2 60
7 37
10 3
7 94
9 21
3 16
7 35
7 16
1 18
4 97
5 56
1 36
9 77
6 20
3 8
9 66
8 28
5 76
9 44
6 84
6 92
6 50
2 37
6 54
4 36
6 57
10 55
6 14
10 8
1 22
1 56
5 12
4 0
10 54
1 33
1 85
10 42
3 38
1 30
9 50
7 98
6 5
9 35
8 59
5 20
8 8
2 16
6 17
9 30
1 30
2 49
3 18
1 53
7 22
3 94
2 24
5 25
3 88
10 19
8 58
2 42
7 27
1 99
9 48
10 100
5 58
10 33
6 75
8 57
10 15
6 63
4 55
6 76
1 53
3 98
1 10
8 19
4 38
9 24
7 96
1 53
7 90
5 70
10 83
3 23
2 75
10 57
8 18
2 4
3 63
5 17
8 96
4 76
7 57
8 81
9 63
6 11
8 27
4 61
5 2
4 27
1 71
2 17
8 49
9 96
3 20
1 52
9 16
9 7
4 95
9 68
4 70
6 73
10 18
5 55
5 44
9 46
7 19
8 54
4 14
10 64
7 67
6 85
8 67
8 89
2 8
3 53
1 87
8 5
10 46
2 71
10 11
5 45
10 19
3 76
1 22
5 88
8 77
2 10
4 56
9 1
1 69
4 3
3 87
8 96
10 3
1 54
9 9
4 72
4 25
8 97
7 31
5 67
5 85
5 9
7 76
5 71
6 79
2 47
7 47
5 92
4 6
4 67
8 64
1 36
3 44
2 97
2 53
8 6
1 24
5 73
6 46
10 74
9 83
4 0
4 77
1 1
10 97
7 46
5 19
7 37
10 3
8 35
6 12
7 67
9 91
6 92
1 25
2 91
3 39
1 61
7 1
4 22
9 54
10 99
1 1
7 62
6 36
3 20
1 30
9 98
4 23
3 46
4 3
7 9
1 39
3 94
1 20
7 67
6 29
6 94
9 32
8 69
3 15
6 3
6 80
7 78
6 57
8 87
6 30
6 44
3 10
10 74
10 18
2 11
9 33
9 64
2 3
9 1
8 69
7 42
8 70
1 28
8 87
4 67
6 18
6 78
3 33
9 69
6 40
5 30
8 38
4 89
7 67
2 54
9 10
1 36
3 15
9 9
7 15
9 59
4 49
10 26
4 52
4 99
7 63
6 25
3 24
1 70
5 18
5 86
9 95
9 76
7 82
2 13
2 4
9 18
1 83
7 41
2 66
4 68
1 32
4 68
7 31
4 36
5 93
6 68
4 79
3 52
6 50
7 42
7 85
6 80
10 9
3 15
7 29
2 28
1 7
7 25
1 15
5 70
7 87
9 77
10 4
2 42
8 93
6 40
3 2
9 53
3 27
2 90
9 16
1 64
8 61
1 99
6 63
9 77
9 3
5 26
8 87
4 40
10 45
6 84
8 17
10 8
1 15
10 69
6 10
10 52
1 52
9 39
3 34
8 32
4 31
6 100
5 8
7 56
2 21
1 3
2 10
6 1
8 46
1 66
7 6
5 69
7 78
2 45
2 2
10 63
1 12
8 41
2 67
2 80
2 39
1 45
8 22
7 90
10 43
4 65
6 66
5 21
2 54
5 1
1 18
3 49
8 15
10 72
9 78
6 80
1 30
9 34
6 16
6 42
3 35
1 16
6 83
3 31
7 15
3 14
10 35
3 43
6 11
1 60
9 86
3 56
1 81
10 74
4 47
7 88
1 88
3 24
5 71
4 82
8 59
2 38
10 34
9 43
3 64
3 74
4 8
6 51
6 47
1 73
9 70
7 62
1 35
8 31
6 100
1 56
6 40
9 20
2 91
6 94
1 86
3 81
1 58
6 78
10 92
3 79
4 29
10 19
4 61
7 67
6 41
4 22
3 88
4 40
2 61
2 17
1 13
1 9
8 7
1 73
6 72
4 93
7 49
3 97
9 53
6 74
10 44
9 50
1 94
7 73
10 7
9 100
9 90
8 43
8 96
10 15
6 91
4 69
6 36
2 36
7 77
5 54
2 65
3 74
8 40
2 0
4 24
8 13
10 53
1 43
2 3
4 54
6 47
8 3
2 20
10 71
6 2
1 24
5 16
10 67
6 49
3 68
8 74
9 58
8 29
4 77
2 12
2 92
4 40
2 60
8 50
6 43
4 21
4 97
8 4
2 30
2 19
2 28
6 48
1 19
8 29
7 24
7 83
2 39
6 30
7 62
8 41
5 58
10 15
2 78
3 0
1 24
5 93
5 50
4 33
5 21
8 12
8 49
10 96
7 46
1 35
7 26
7 76
9 77
3 17
3 77
3 2
5 11
2 96
9 34
5 22
5 22
7 43
5 67
9 63
1 87
3 83
3 94
9 9
8 6
10 23
10 15
3 2
3 75
9 54
2 97
2 90
7 74
8 60
8 58
9 66
7 75
2 17
1 13
1 35
5 27
9 48
9 34
4 34
9 58
2 11
1 12
3 1
5 20
6 13
7 21
3 19
6 95
1 99
8 81
9 74
2 61
9 27
6 4
6 0
7 53
2 72
2 75
9 91
8 25
5 93
9 30
1 46
7 75
5 69
1 83
3 2
8 76
4 36
2 18
2 21
1 43
5 14
10 99
9 65
9 33
10 74
1 4
5 53
9 55
2 26
6 12
7 41
7 28
1 71
7 20
3 19
8 27
5 99
1 42
5 93
10 52
5 30
3 65
9 21
5 51
4 77
10 3
5 31
4 10
8 71
8 10
5 24
5 22
8 39
8 91
10 27
6 20
8 59
6 34
3 17
3 60
3 72
5 63
6 99
5 55
3 27
4 70
6 1
3 1
9 69
1 89
7 46
3 41
4 63
10 63
1 7
4 74
6 93
1 78
4 21
10 61
5 28
5 54
8 63
8 32
7 98
5 66
7 8
1 54
2 73
9 72
10 9
10 54
10 60
4 71
4 92
6 23
7 79
5 14
7 63
8 6
1 60
1 37
2 97
5 36
9 42
3 85
4 80
10 12
6 89
2 33
7 28
2 69
10 37
7 26
2 78
1 33
5 58
7 85
8 86
8 1
8 30
9 94
9 21
10 90
7 3
5 18
1 63
6 27
6 92
2 8
7 16
1 85
7 91
4 43
10 58
5 22
7 28
9 57
9 43
6 71
6 18
3 100
7 32
8 51
4 39
2 73
6 58
8 23
9 19
1 72
3 49
8 32
4 8
4 86
5 91
10 44
1 21
6 98
5 84
6 48
1 36
5 40
9 97
8 17
10 8
4 100
7 49
3 39
4 52
10 47
7 60
4 36
9 92
10 26
3 52
7 22
4 24
7 18
9 21
4 5
8 67
8 49
1 69
9 16
2 52
7 76
10 78
10 65
1 54
4 83
2 58
9 26
9 98
1 81
6 67
8 47
1 49
6 47
2 95
8 17
7 83
10 35
6 88
8 4
9 96
10 53
4 7
9 94
7 63
3 66
9 61
1 90
4 21
1 85
5 5
1 43
7 22
3 67
3 8
3 96
6 80
5 36
9 51
1 59
7 63
1 34
10 42
2 60
3 9
4 28
10 29
9 71
1 14
6 89
7 43
5 41
8 43
9 1
2 54
7 92
10 63
1 3
10 67
8 19
3 27
2 44
9 68
8 94
6 71
4 73
10 90
2 81
8 59
8 74
5 14
10 77
1 4
8 94
7 11
8 3
5 6
5 100
1 71
6 63
5 72
6 29
4 2
8 34
8 70
1 0
3 67
7 33
9 22
2 94
4 45
6 2
6 41
1 23
8 51
7 96
10 68
9 60
1 96
6 18
3 93
2 84
7 61
9 8
1 16
6 74
4 91
3 77
7 21
8 61
5 35
9 16
10 58
3 54
8 96
1 25
7 34
5 34
4 92
1 91
1 53
5 25
2 19
10 36
10 70
2 26
1 65
8 89
3 38
8 64
9 72
2 14
3 46
8 60
5 93
9 60
5 38
5 20
5 53
3 2
4 65
5 70
10 31
6 96
1 75
10 60
6 58
3 25
9 80
2 87
2 30
6 99
1 19
3 37
2 43
7 68
8 82
8 5
6 1
10 29
4 95
10 78
2 16
3 68
10 85
8 69
2 11
3 75
4 74
10 15
4 26
5 23
1 77
8 74
4 67
6 39
4 89
5 22
8 37
4 8
1 55
4 78
8 22
6 4
5 76
4 21
6 67
3 18
6 55
2 82
5 62
2 42
3 50
1 85
6 31
2 19
5 98
10 78
10 82
4 16
8 100
2 85
4 34
8 96
9 40
7 88
4 25
6 89
6 38
10 46
9 95
1 24
8 62
6 4
8 66
7 77
1 23
4 22
5 1
4 37
5 59
10 62
2 39
4 19
10 57
8 67
7 75
1 1
8 71
6 4
8 95
2 58
6 92
3 52
1 87
9 43
1 34
3 1
9 97
3 100
2 98
3 78
10 37
3 4
3 7
1 63
8 36
4 58
2 69
9 51
2 66
8 59
6 97
3 6
6 14
2 17
8 76
7 26
7 32
10 65
1 4
3 59
8 3
3 66
5 77
2 10
3 71
6 50
5 86
2 2
3 71
3 59
8 16
4 43
5 30
10 37
2 89
7 53
10 40
4 17
3 74
9 90
4 7
6 79
6 34
1 19
5 28
4 86
7 59
6 60
10 43
8 65
10 11
4 42
3 95
5 17
4 19
10 91
2 73
3 21
3 79
2 60
1 83
6 38
1 13
6 11
7 26
4 14
6 39
7 11
5 90
3 65
1 57
9 52
8 32
7 74
4 94
8 39
5 58
1 58
10 24
5 24
7 4
8 10
2 68
10 78
7 57
4 15
4 84
4 97
10 21
6 37
3 57
1 23
9 32
2 33
1 87
5 7
1 3
10 41
4 91
8 35
3 20
1 24
2 43
3 59
9 38
6 83
10 100
1 49
1 5
10 67
3 46
10 71
1 8
3 95
7 49
4 54
9 35
4 92
6 59
5 66
9 82
3 81
5 78
6 83
6 19
5 100
1 89
5 19
3 69
8 100
6 24
10 84
6 4
3 85
9 71
4 66
3 91
1 75
5 41
10 39
8 14
1 98
5 54
3 59
2 5
8 46
6 15
8 47
7 3
8 61
9 20
10 36
8 24
4 46
1 61
9 10
10 85
5 5
5 39
6 26
1 57
3 48
4 47
5 100
8 8
8 84
3 95
6 59
6 39
3 30
9 21
3 87
8 65
4 64
2 99
9 36
9 62
3 97
9 2
5 46
4 97
9 51
6 95
5 86
9 93
1 79
1 42
1 9
5 48
4 44
3 0
4 12
3 4
5 41
9 31
3 69
1 79
9 66
8 85
2 62
10 1
8 40
10 22
7 55
8 3
3 83
1 97
7 90
3 39
8 30
2 97
2 16
2 94
2 58
4 28
10 70
10 24
10 87
1 20
5 32
5 18
1 69
5 61
1 35
6 4
7 86
5 71
6 33
2 29
7 9
3 68
3 66
1 86
3 85
4 29
2 59
10 25
4 99
4 58
3 10
2 74
4 60
9 77
1 32
3 60
10 13
1 3
10 6
3 92
5 80
9 15
10 75
1 79
5 56
6 98
2 50
1 7
3 18
7 45
5 54
2 90
8 8
9 66
1 85
3 36
8 19
5 55
1 80
4 6
9 100
1 48
4 81
5 28
8 82
5 15
5 22
6 93
6 11
3 86
7 54
6 66
10 25
4 55
4 50
10 63
5 47
10 64
7 21
8 86
2 44
6 73
2 1
6 42
9 26
6 17
8 8
6 68
7 73
9 98
4 93
10 91
1 4
7 80
10 54
5 98
2 87
2 64
9 24
5 89
2 30
6 30
3 12
2 100
3 82
4 2
9 5
8 14
9 77
6 65
9 33
7 86
8 43
3 60
9 0
9 91
8 67
3 30
8 20
9 66
3 7
6 66
8 61
2 26
2 89
9 77
3 35
10 87
6 34
9 82
8 51
2 30
8 62
5 74
8 35
6 55
9 2
2 54
6 83
1 37
10 23
5 1
8 13
10 23
10 33
10 98
1 99
4 66
9 96
9 46
3 46
6 51
4 54
10 53
1 25
10 92
5 78
5 49
8 32
9 7
6 93
1 53
6 59
4 24
