100
3 26000000 11000000 6000000
3 10 11 1
3 55330809 16905754 16905754
2 27629334 68028402
2 96203887 41155657
3 57598743 26953613 26953613
2 75908946 30768186
3 64052211 26441473 26441473
3 93242756 45367429 45367429
3 29688102 29688102 70315957
3 24751057 62420515 24751057
2 20398109 47089217
2 25498208 12800062
2 23483836 37319105
3 2002896 2002896 2015622
2 15046964 24839831
3 29032890 50661033 29032890
3 20468017 32147736 20468017
3 18475597 18475597 19215581
3 11545407 16115173 11545407
3 40247880 35107314 40247880
3 13364928 8494677 13364928
3 92136748 46068374 46068374
3 18171984 18171984 90859920
3 81633434 1407473 81633434
3 9849715 39398860 39398860
3 48343141 4394831 48343141
3 97211898 48605949 97211898
2 22630701 45261402
2 6019102 54171918
2 83678625 9297625
2 30408831 60817662
2 94398680 82598845
2 48955500 53851050
3 84595352 63446514 63446514
3 56034405 44827524 44827524
2 96093888 99096822
2 55361280 69201600
2 24367152 24874801
2 48848880 48760864
3 76506875 76506875 61205500
2 38794846 19397423
3 10931 8058 8059
3 55672 55671 6953
3 6953 262494 7977
3 31391472 14034579 41332500
3 56365449 4627587 59438585
3 6249663 10472242 13820468
3 5374843 651355 8783979
3 13532990 3302506 9318846
3 58593855 11993509 31349205
3 77961090 23168535 58638915
3 26220 1875848 1934522
3 73106182 22895389 1461152
3 13156732 42352406 18614376
3 4662212 21620948 27568732
3 72258785 1056410 36950210
3 37318484 69513002 79644884
3 1940075 17827 552715
3 25858836 13238529 11497746
3 84897922 32073227 58379367
3 61484287 27084415 89103415
3 9709692 16618388 1393877
3 81098076 19970822 33765252
3 22501258 27807273 11007523
3 7001238 39077880 48869656
3 22277248 46457838 76592852
3 35768626 9775142 3867532
3 14108452 10113444 19578519
3 3509428 16802428 32201428
3 3225076 945172 9732148
3 6528402 48786 3730802
3 13750410 35318619 24793728
3 2764858 16801906 12011674
3 60318993 19047441 4217745
3 37002060 61415982 6080238
3 22663736 9080936 6939236
3 44278377 23222925 71770567
3 12004609 1282352 26730502
3 1184879 2564939 521663
3 17832230 18784640 8998178
3 26223099 59308853 12250383
3 63540840 67345920 25161480
3 53393022 561270 16901778
3 8968050 25535601 33938541
3 82888914 5051234 28963418
3 23720190 33162339 6837856
3 18626270 51463094 42214748
3 16343725 13639951 6892862
3 13008302 31743782 39281852
3 9570620 80226213 47727256
3 36599963 45687074 65015905
3 13038564 10828356 5582808
3 5002962 1646203 434111
3 5831018 4011104 521018
3 9297992 8001158 1877086
3 51783656 6750836 13716008
3 5448746 9712559 413696
3 40460568 26708928 1783392
3 16825266 38683566 86566446
